339.47	-0.0000E00
339.85	-0.0000E00
340.24	-0.0000E00
340.62	-0.0000E00
341.01	-0.0000E00
341.39	-0.0000E00
341.77	-0.0000E00
342.16	-0.0000E00
342.54	-0.0000E00
342.92	-0.0000E00
343.31	-0.0000E00
343.69	-0.0000E00
344.07	-0.0000E00
344.46	-0.0000E00
344.84	-0.0000E00
345.22	-0.0000E00
345.61	-0.0000E00
345.99	-0.0000E00
346.37	-0.0000E00
346.76	-0.0000E00
347.14	-0.0000E00
347.52	-0.0000E00
347.91	-0.0000E00
348.29	-0.0000E00
348.67	-5.2426E00
349.05	-4.3057E00
349.44	-4.4777E00
349.82	-3.9841E00
350.20	-4.1303E00
350.59	-3.7229E00
350.97	-4.3460E00
351.35	-4.3000E00
351.73	-2.7340E00
352.12	-2.9754E00
352.50	-3.8582E00
352.88	-2.6251E00
353.26	-3.3737E00
353.65	-3.2385E00
354.03	-3.1342E00
354.41	-3.4726E00
354.79	-1.9205E00
355.17	-3.6084E00
355.56	-3.4031E00
355.94	-3.0890E00
356.32	-3.0222E00
356.70	-4.0961E00
357.08	-3.2465E00
357.47	-3.3945E00
357.85	-3.6677E00
358.23	-3.4524E00
358.61	-3.3823E00
358.99	-3.9405E00
359.38	-2.9207E00
359.76	-3.4594E00
360.14	-4.6746E00
360.52	-3.6285E00
360.90	-2.5754E00
361.28	-3.3730E00
361.66	-5.0175E00
362.05	-3.4289E00
362.43	-2.7467E00
362.81	-4.4488E00
363.19	-2.4624E00
363.57	-3.5675E00
363.95	-2.9395E00
364.33	-4.1556E00
364.71	-3.5157E00
365.10	-3.7219E00
365.48	-5.1688E00
365.86	-4.1872E00
366.24	-4.1169E00
366.62	-4.1213E00
367.00	-3.2636E00
367.38	-2.5014E00
367.76	-4.3833E00
368.14	-3.2447E00
368.52	-3.2717E00
368.90	-3.3792E00
369.28	-2.8182E00
369.66	-2.5651E00
370.04	-5.4586E00
370.42	-2.7837E00
370.81	-4.4234E00
371.19	-3.6289E00
371.57	-4.3696E00
371.95	-3.4145E00
372.33	-3.8889E00
372.71	-3.6077E00
373.09	-4.5547E00
373.47	-2.6363E00
373.85	-3.7680E00
374.23	-3.8864E00
374.61	-3.5676E00
374.99	-2.9894E00
375.37	-3.1955E00
375.75	-4.0290E00
376.13	-2.7854E00
376.51	-2.6217E00
376.88	-3.3137E00
377.26	-3.3312E00
377.64	-2.6444E00
378.02	-3.0300E00
378.40	-3.0237E00
378.78	-3.1818E00
379.16	-3.4106E00
379.54	-1.8630E00
379.92	-2.4985E00
380.30	-2.7882E00
380.68	-3.1422E00
381.06	-3.2177E00
381.44	-3.0583E00
381.82	-2.3217E00
382.20	-2.1765E00
382.57	-2.4699E00
382.95	-2.9634E00
383.33	-2.8173E00
383.71	-2.3820E00
384.09	-3.1128E00
384.47	-2.7724E00
384.85	-2.5545E00
385.23	-3.0635E00
385.60	-2.7560E00
385.98	-2.4772E00
386.36	-2.1451E00
386.74	-1.9938E00
387.12	-2.2506E00
387.50	-2.7550E00
387.88	-3.0360E00
388.25	-2.5884E00
388.63	-2.2014E00
389.01	-2.1718E00
389.39	-2.3353E00
389.77	-2.2059E00
390.14	-2.8301E00
390.52	-2.1334E00
390.90	-2.2729E00
391.28	-2.8479E00
391.66	-3.4037E00
392.03	-2.8166E00
392.41	-2.2602E00
392.79	-1.7710E00
393.17	-2.2516E00
393.54	-2.6659E00
393.92	-2.3668E00
394.30	-2.3367E00
394.68	-2.2165E00
395.06	-2.6581E00
395.43	-2.6588E00
395.81	-2.2000E00
396.19	-2.3432E00
396.56	-2.0489E00
396.94	-2.3369E00
397.32	-2.6069E00
397.70	-2.0687E00
398.07	-8.3926E-01
398.45	-1.9102E00
398.83	-2.1445E00
399.20	-1.8945E00
399.58	-2.5880E00
399.96	-1.6527E00
400.34	-2.8698E00
400.71	-2.4148E00
401.09	-1.9285E00
401.47	-2.2193E00
401.84	-2.0451E00
402.22	-2.1424E00
402.60	-2.1987E00
402.97	-2.1189E00
403.35	-1.7070E00
403.73	-1.1791E00
404.10	-2.0428E00
404.48	-2.5455E00
404.85	-1.9907E00
405.23	-1.9188E00
405.61	-2.3191E00
405.98	-1.9450E00
406.36	-2.3760E00
406.74	-2.3452E00
407.11	-1.6693E00
407.49	-1.8112E00
407.86	-2.5249E00
408.24	-1.3272E00
408.62	-1.7782E00
408.99	-1.3435E00
409.37	-2.3155E00
409.74	-1.9770E00
410.12	-1.8645E00
410.49	-1.7216E00
410.87	-1.9526E00
411.25	-1.5602E00
411.62	-1.0702E00
412.00	-1.1813E00
412.37	-1.7234E00
412.75	-2.2630E00
413.12	-1.5211E00
413.50	-1.7804E00
413.87	-1.8520E00
414.25	-1.6395E00
414.62	-1.2391E00
415.00	-1.5878E00
415.37	-1.0139E00
415.75	-1.1564E00
416.12	-1.2298E00
416.50	-1.6923E00
416.87	-8.1412E-01
417.25	-9.3184E-01
417.62	-1.9380E00
418.00	-1.0321E00
418.37	-1.7011E00
418.75	-1.2987E00
419.12	-1.0580E00
419.50	-1.4184E00
419.87	-1.4127E00
420.25	-1.3299E00
420.62	-1.4151E00
420.99	-1.8295E00
421.37	-1.2560E00
421.74	-1.6015E00
422.12	-3.2917E00
422.49	-1.2202E00
422.87	-9.6724E-01
423.24	-1.3847E00
423.61	-7.2675E-01
423.99	-1.1160E00
424.36	-9.0406E-01
424.74	-9.5055E-01
425.11	-5.1102E-01
425.48	-9.1110E-01
425.86	-1.0405E00
426.23	-1.1104E00
426.60	-1.2023E00
426.98	-9.3390E-01
427.35	-8.4650E-01
427.73	-1.4949E00
428.10	-9.2356E-01
428.47	-6.3764E-01
428.85	-1.1179E00
429.22	-6.6805E-01
429.59	-8.1840E-01
429.97	-1.2123E00
430.34	-9.0618E-01
430.71	-4.3994E-01
431.09	-1.1307E00
431.46	-1.2544E00
431.83	-9.2825E-01
432.21	-9.4498E-01
432.58	-7.8006E-01
432.95	-1.2248E00
433.32	-8.9323E-01
433.70	-5.2118E-01
434.07	-1.3462E00
434.44	-1.0090E00
434.82	-9.0592E-01
435.19	-1.1727E00
435.56	-7.1186E-01
435.93	-1.1921E00
436.31	-1.1332E00
436.68	-1.0223E00
437.05	-1.0062E00
437.42	-1.5292E00
437.80	-1.0296E00
438.17	-7.2184E-01
438.54	-1.1149E00
438.91	-8.0975E-01
439.28	-1.1164E00
439.66	-1.2248E00
440.03	-6.1452E-01
440.40	-9.6727E-01
440.77	-1.1859E00
441.14	-9.3904E-01
441.52	-5.6278E-01
441.89	-8.5019E-01
442.26	-9.0528E-01
442.63	-1.0984E00
443.00	-9.8513E-01
443.38	-9.9098E-01
443.75	-9.2910E-01
444.12	-1.0911E00
444.49	-1.2720E00
444.86	-1.0840E00
445.23	-1.0034E00
445.60	-8.4622E-01
445.98	-7.7612E-01
446.35	-5.7262E-01
446.72	-7.5144E-01
447.09	-5.2994E-01
447.46	-9.7962E-01
447.83	-8.6192E-01
448.20	-6.7065E-01
448.57	-6.2177E-01
448.94	-8.2104E-01
449.32	-6.1519E-01
449.69	-7.1328E-01
450.06	-6.5658E-01
450.43	-1.1662E00
450.80	-1.0273E00
451.17	-8.6206E-01
451.54	-8.1501E-01
451.91	-9.2247E-01
452.28	-8.6860E-01
452.65	-7.3272E-01
453.02	-3.5274E-01
453.39	-1.0214E00
453.76	-8.1371E-01
454.13	-8.3119E-01
454.50	-8.3997E-01
454.87	-9.5714E-01
455.24	-1.4090E00
455.61	-7.3215E-01
455.98	-5.6917E-01
456.35	-7.4872E-01
456.72	-8.0091E-01
457.09	-1.1062E00
457.46	-9.6044E-01
457.83	-1.0016E00
458.20	-1.2394E00
458.57	-1.0295E00
458.94	-7.3422E-01
459.31	-9.4178E-01
459.68	-6.4840E-01
460.05	-9.6791E-01
460.42	-9.5463E-01
460.79	-7.3422E-01
461.16	-9.7889E-01
461.53	-6.3217E-01
461.90	-8.0014E-01
462.27	-5.6771E-01
462.64	-1.0730E00
463.01	-6.8123E-01
463.38	-5.5307E-01
463.75	-7.8431E-01
464.12	-7.8934E-01
464.48	-8.2667E-01
464.85	-7.2407E-01
465.22	-6.7154E-01
465.59	-1.0190E00
465.96	-1.0859E00
466.33	-9.5066E-01
466.70	-5.3670E-01
467.07	-8.9447E-01
467.44	-6.0363E-01
467.80	-7.1838E-01
468.17	-1.0040E00
468.54	-9.2060E-01
468.91	-8.4517E-01
469.28	-8.3255E-01
469.65	-1.2329E00
470.02	-7.6809E-01
470.38	-4.4523E-01
470.75	-6.1309E-01
471.12	-6.5117E-01
471.49	-9.5312E-01
471.86	-5.2297E-01
472.22	-4.8973E-01
472.59	-6.6351E-01
472.96	-5.0857E-01
473.33	-4.7534E-01
473.70	-6.2206E-01
474.06	-4.8581E-01
474.43	-3.6616E-01
474.80	-2.7540E-01
475.17	-5.4443E-01
475.54	-4.4040E-01
475.90	-4.3633E-01
476.27	-5.9352E-01
476.64	-5.2442E-01
477.01	-4.8157E-01
477.37	-3.3929E-01
477.74	-5.2909E-01
478.11	-1.9094E-01
478.48	-4.8717E-01
478.84	-3.4945E-01
479.21	-3.4008E-01
479.58	-1.1789E-01
479.94	-3.6082E-01
480.31	-3.4491E-01
480.68	-2.0437E-01
481.05	-2.6372E-01
481.41	-2.6007E-01
481.78	-1.6409E-01
482.15	-1.4061E-01
482.51	0.0000E00
482.88	-7.3968E-02
483.25	-3.6569E-02
483.61	-5.6860E-02
483.98	1.7915E-01
484.35	-1.0134E-02
484.71	-7.5240E-02
485.08	9.4298E-02
485.45	1.4259E-01
485.81	-1.3148E-01
486.18	2.1686E-01
486.54	2.0042E-01
486.91	1.7974E-01
487.28	2.2966E-01
487.64	1.7193E-01
488.01	2.4408E-01
488.38	3.2858E-01
488.74	3.8914E-01
489.11	2.3339E-01
489.47	3.2951E-01
489.84	3.3146E-01
490.20	4.9160E-01
490.57	3.7061E-01
490.94	4.8511E-01
491.30	6.2375E-01
491.67	5.2124E-01
492.03	5.8591E-01
492.40	7.2131E-01
492.76	5.6993E-01
493.13	7.7899E-01
493.50	8.6536E-01
493.86	8.5173E-01
494.23	9.7777E-01
494.59	1.0368E00
494.96	1.0504E00
495.32	9.4816E-01
495.69	1.3265E00
496.05	1.1957E00
496.42	1.0710E00
496.78	1.1950E00
497.15	1.3932E00
497.51	1.4223E00
497.88	1.6798E00
498.24	1.5529E00
498.61	1.7083E00
498.97	1.6729E00
499.34	1.7515E00
499.70	1.8573E00
500.06	2.0004E00
500.43	2.1355E00
500.79	2.1189E00
501.16	2.2187E00
501.52	2.5744E00
501.89	2.4597E00
502.25	2.4352E00
502.62	2.4625E00
502.98	2.7133E00
503.34	2.9445E00
503.71	2.8330E00
504.07	2.8789E00
504.44	3.0880E00
504.80	3.2350E00
505.16	3.3987E00
505.53	3.6041E00
505.89	3.6422E00
506.26	3.7065E00
506.62	3.9880E00
506.98	4.0847E00
507.35	4.1880E00
507.71	4.3816E00
508.07	4.3355E00
508.44	4.5546E00
508.80	4.4787E00
509.16	5.1125E00
509.53	5.1789E00
509.89	5.1513E00
510.25	5.5629E00
510.62	5.5950E00
510.98	5.7829E00
511.34	5.8488E00
511.71	6.0274E00
512.07	6.3146E00
512.43	6.7576E00
512.80	6.4086E00
513.16	6.7345E00
513.52	6.5896E00
513.88	7.0311E00
514.25	7.2412E00
514.61	7.4306E00
514.97	7.5224E00
515.33	7.8916E00
515.70	7.9906E00
516.06	8.0986E00
516.42	8.3469E00
516.78	8.8613E00
517.15	8.8162E00
517.51	8.7849E00
517.87	9.1127E00
518.23	9.3613E00
518.60	9.9436E00
518.96	9.8046E00
519.32	9.9590E00
519.68	1.0373E01
520.04	1.0470E01
520.41	1.0533E01
520.77	1.0953E01
521.13	1.1121E01
521.49	1.1004E01
521.85	1.1545E01
522.22	1.1807E01
522.58	1.1884E01
522.94	1.2215E01
523.30	1.2426E01
523.66	1.2222E01
524.02	1.3270E01
524.38	1.3288E01
524.75	1.3842E01
525.11	1.3774E01
525.47	1.3868E01
525.83	1.4251E01
526.19	1.4643E01
526.55	1.4780E01
526.91	1.5017E01
527.27	1.5380E01
527.64	1.5419E01
528.00	1.5715E01
528.36	1.5894E01
528.72	1.6305E01
529.08	1.6780E01
529.44	1.6943E01
529.80	1.7070E01
530.16	1.7286E01
530.52	1.7437E01
530.88	1.7841E01
531.24	1.8311E01
531.60	1.8465E01
531.96	1.9089E01
532.32	1.9228E01
532.68	1.9752E01
533.04	2.0302E01
533.40	2.0387E01
533.77	2.0365E01
534.13	2.0765E01
534.49	2.1017E01
534.85	2.1137E01
535.21	2.1601E01
535.57	2.1973E01
535.93	2.2422E01
536.29	2.2832E01
536.65	2.3079E01
537.00	2.3375E01
537.36	2.3603E01
537.72	2.4129E01
538.08	2.4453E01
538.44	2.4679E01
538.80	2.4950E01
539.16	2.5055E01
539.52	2.5363E01
539.88	2.6128E01
540.24	2.6678E01
540.60	2.6131E01
540.96	2.6608E01
541.32	2.7437E01
541.68	2.7465E01
542.04	2.8593E01
542.40	2.8245E01
542.75	2.9069E01
543.11	2.8858E01
543.47	2.9645E01
543.83	3.0406E01
544.19	3.0419E01
544.55	3.1271E01
544.91	3.1124E01
545.27	3.2358E01
545.63	3.2037E01
545.98	3.2747E01
546.34	3.2943E01
546.70	3.3975E01
547.06	3.3792E01
547.42	3.4354E01
547.78	3.4875E01
548.13	3.4959E01
548.49	3.5918E01
548.85	3.6193E01
549.21	3.6769E01
549.57	3.7166E01
549.93	3.7739E01
550.28	3.8250E01
550.64	3.8423E01
551.00	3.9290E01
551.36	3.9157E01
551.71	4.0192E01
552.07	4.0804E01
552.43	4.1429E01
552.79	4.1986E01
553.15	4.1609E01
553.50	4.2775E01
553.86	4.3042E01
554.22	4.3809E01
554.58	4.4436E01
554.93	4.4534E01
555.29	4.5247E01
555.65	4.5685E01
556.01	4.6770E01
556.36	4.6991E01
556.72	4.7419E01
557.08	4.7512E01
557.43	4.8964E01
557.79	4.9278E01
558.15	4.9611E01
558.50	5.0113E01
558.86	5.1160E01
559.22	5.1146E01
559.58	5.2504E01
559.93	5.3066E01
560.29	5.2897E01
560.65	5.4511E01
561.00	5.4655E01
561.36	5.4830E01
561.71	5.5339E01
562.07	5.6528E01
562.43	5.7169E01
562.78	5.7451E01
563.14	5.8945E01
563.50	5.8778E01
563.85	5.9827E01
564.21	5.9714E01
564.57	6.0986E01
564.92	6.1079E01
565.28	6.1541E01
565.63	6.2620E01
565.99	6.2706E01
566.35	6.3290E01
566.70	6.4482E01
567.06	6.4845E01
567.41	6.6151E01
567.77	6.6318E01
568.12	6.5748E01
568.48	6.7087E01
568.83	6.7754E01
569.19	6.9521E01
569.55	6.8508E01
569.90	7.0259E01
570.26	7.0724E01
570.61	7.0725E01
570.97	7.1290E01
571.32	7.1769E01
571.68	7.2857E01
572.03	7.3184E01
572.39	7.3989E01
572.74	7.4364E01
573.10	7.4588E01
573.45	7.5325E01
573.81	7.5954E01
574.16	7.6979E01
574.52	7.7751E01
574.87	7.8576E01
575.23	7.7692E01
575.58	7.9343E01
575.94	7.9564E01
576.29	8.0131E01
576.64	8.0999E01
577.00	8.1059E01
577.35	8.1773E01
577.71	8.1967E01
578.06	8.3008E01
578.42	8.3919E01
578.77	8.4596E01
579.12	8.4389E01
579.48	8.5035E01
579.83	8.5779E01
580.19	8.5785E01
580.54	8.5881E01
580.89	8.6954E01
581.25	8.6773E01
581.60	8.7551E01
581.96	8.8271E01
582.31	8.8301E01
582.66	8.9054E01
583.02	8.9533E01
583.37	8.9250E01
583.72	9.0439E01
584.08	9.0985E01
584.43	9.1582E01
584.78	9.0633E01
585.14	9.1994E01
585.49	9.1969E01
585.84	9.2838E01
586.20	9.3822E01
586.55	9.2772E01
586.90	9.3851E01
587.26	9.3858E01
587.61	9.4735E01
587.96	9.4327E01
588.32	9.4839E01
588.67	9.5698E01
589.02	9.6208E01
589.37	9.5780E01
589.73	9.7134E01
590.08	9.6711E01
590.43	9.7057E01
590.78	9.7751E01
591.14	9.8017E01
591.49	9.7857E01
591.84	9.8141E01
592.19	9.8385E01
592.55	9.9224E01
592.90	9.9001E01
593.25	9.9580E01
593.60	9.8949E01
593.96	9.9440E01
594.31	9.9817E01
594.66	1.0041E02
595.01	1.0071E02
595.36	1.0019E02
595.72	1.0079E02
596.07	1.0096E02
596.42	1.0098E02
596.77	1.0102E02
597.12	1.0166E02
597.47	1.0173E02
597.83	1.0237E02
598.18	1.0196E02
598.53	1.0190E02
598.88	1.0220E02
599.23	1.0198E02
599.58	1.0257E02
599.93	1.0258E02
600.29	1.0350E02
600.64	1.0305E02
600.99	1.0255E02
601.34	1.0227E02
601.69	1.0302E02
602.04	1.0284E02
602.39	1.0358E02
602.74	1.0359E02
603.09	1.0356E02
603.44	1.0350E02
603.80	1.0309E02
604.15	1.0388E02
604.50	1.0323E02
604.85	1.0309E02
605.20	1.0367E02
605.55	1.0383E02
605.90	1.0309E02
606.25	1.0347E02
606.60	1.0373E02
606.95	1.0327E02
607.30	1.0387E02
607.65	1.0418E02
608.00	1.0326E02
608.35	1.0343E02
608.70	1.0396E02
609.05	1.0368E02
609.40	1.0347E02
609.75	1.0304E02
610.10	1.0381E02
610.45	1.0304E02
610.80	1.0333E02
611.15	1.0343E02
611.50	1.0355E02
611.85	1.0246E02
612.20	1.0260E02
612.55	1.0359E02
612.90	1.0340E02
613.25	1.0154E02
613.60	1.0293E02
613.95	1.0224E02
614.30	1.0311E02
614.64	1.0157E02
614.99	1.0198E02
615.34	1.0212E02
615.69	1.0248E02
616.04	1.0355E02
616.39	1.0212E02
616.74	1.0109E02
617.09	1.0058E02
617.44	1.0197E02
617.79	9.9693E01
618.13	1.0082E02
618.48	1.0023E02
618.83	9.9485E01
619.18	1.0082E02
619.53	9.9666E01
619.88	9.9582E01
620.23	9.8326E01
620.57	9.7767E01
620.92	9.9192E01
621.27	9.9352E01
621.62	9.8901E01
621.97	9.7658E01
622.32	9.8025E01
622.66	9.8828E01
623.01	9.6795E01
623.36	9.7218E01
623.71	9.7575E01
624.06	9.5956E01
624.40	9.5820E01
624.75	9.4908E01
625.10	9.5174E01
625.45	9.5499E01
625.80	9.4775E01
626.14	9.4348E01
626.49	9.4000E01
626.84	9.3778E01
627.19	9.3557E01
627.53	9.2267E01
627.88	9.0914E01
628.23	9.2844E01
628.57	9.2908E01
628.92	9.1008E01
629.27	9.1267E01
629.62	9.1253E01
629.96	9.0294E01
630.31	9.0140E01
630.66	8.8551E01
631.00	8.8497E01
631.35	8.8216E01
631.70	8.9601E01
632.05	8.7338E01
632.39	8.7703E01
632.74	8.6404E01
633.09	8.6936E01
633.43	8.6676E01
633.78	8.6252E01
634.12	8.5938E01
634.47	8.5416E01
634.82	8.4437E01
635.16	8.5172E01
635.51	8.4435E01
635.86	8.3114E01
636.20	8.2744E01
636.55	8.2145E01
636.90	8.2696E01
637.24	8.2186E01
637.59	8.1380E01
637.93	8.0681E01
638.28	8.0363E01
638.63	8.0393E01
638.97	7.9600E01
639.32	7.8872E01
639.66	7.7797E01
640.01	7.8908E01
640.35	7.7562E01
640.70	7.7647E01
641.04	7.6907E01
641.39	7.5835E01
641.74	7.6550E01
642.08	7.5497E01
642.43	7.6250E01
642.77	7.4052E01
643.12	7.4045E01
643.46	7.4277E01
643.81	7.2697E01
644.15	7.3579E01
644.50	7.2509E01
644.84	7.1732E01
645.19	7.1931E01
645.53	7.0640E01
645.88	7.0155E01
646.22	6.9981E01
646.57	7.0414E01
646.91	6.8503E01
647.26	6.9311E01
647.60	6.8336E01
647.94	6.8160E01
648.29	6.6612E01
648.63	6.7228E01
648.98	6.7276E01
649.32	6.6311E01
649.67	6.5150E01
650.01	6.5223E01
650.36	6.3886E01
650.70	6.4924E01
651.04	6.3226E01
651.39	6.3706E01
651.73	6.3876E01
652.08	6.2303E01
652.42	6.2578E01
652.76	6.1590E01
653.11	6.1528E01
653.45	6.0860E01
653.79	5.9716E01
654.14	5.9665E01
654.48	6.0002E01
654.83	5.9317E01
655.17	5.8266E01
655.51	5.7750E01
655.86	5.8215E01
656.20	5.7894E01
656.54	5.7540E01
656.89	5.6778E01
657.23	5.5952E01
657.57	5.6519E01
657.91	5.5953E01
658.26	5.4992E01
658.60	5.4718E01
658.94	5.4370E01
659.29	5.4233E01
659.63	5.2978E01
659.97	5.3639E01
660.32	5.2260E01
660.66	5.2630E01
661.00	5.2169E01
661.34	5.1044E01
661.69	5.0914E01
662.03	5.1804E01
662.37	4.9844E01
662.71	4.9437E01
663.06	4.9473E01
663.40	4.9905E01
663.74	4.9281E01
664.08	4.7930E01
664.42	4.8206E01
664.77	4.7593E01
665.11	4.6651E01
665.45	4.7582E01
665.79	4.6133E01
666.13	4.6424E01
666.48	4.6055E01
666.82	4.5961E01
667.16	4.4679E01
667.50	4.4070E01
667.84	4.4370E01
668.18	4.3747E01
668.53	4.3966E01
668.87	4.4080E01
669.21	4.2992E01
669.55	4.3022E01
669.89	4.2263E01
670.23	4.2826E01
670.57	4.1257E01
670.92	4.1244E01
671.26	4.0714E01
671.60	4.0429E01
671.94	4.0410E01
672.28	4.0000E01
672.62	4.0124E01
672.96	3.8882E01
673.30	3.9569E01
673.64	3.8841E01
673.98	3.7906E01
674.33	3.8444E01
674.67	3.7676E01
675.01	3.8050E01
675.35	3.7802E01
675.69	3.6986E01
676.03	3.6533E01
676.37	3.6268E01
676.71	3.6110E01
677.05	3.5170E01
677.39	3.6050E01
677.73	3.4916E01
678.07	3.4823E01
678.41	3.4426E01
678.75	3.4362E01
679.09	3.3016E01
679.43	3.3222E01
679.77	3.2695E01
680.11	3.2823E01
680.45	3.2435E01
680.79	3.2222E01
681.13	3.2919E01
681.47	3.1772E01
681.81	3.1808E01
682.15	3.1589E01
682.49	3.1207E01
682.83	3.1070E01
683.17	3.0023E01
683.51	3.0852E01
683.84	3.0174E01
684.18	2.9678E01
684.52	2.9080E01
684.86	2.8968E01
685.20	2.9038E01
685.54	2.8488E01
685.88	2.8479E01
686.22	2.7133E01
686.56	2.7902E01
686.90	2.7816E01
687.24	2.7461E01
687.57	2.7601E01
687.91	2.7567E01
688.25	2.7009E01
688.59	2.7514E01
688.93	2.5668E01
689.27	2.5327E01
689.61	2.5974E01
689.94	2.5428E01
690.28	2.5802E01
690.62	2.5137E01
690.96	2.5635E01
691.30	2.4302E01
691.64	2.4361E01
691.97	2.4632E01
692.31	2.4239E01
692.65	2.4146E01
692.99	2.3110E01
693.33	2.3452E01
693.66	2.3288E01
694.00	2.3257E01
694.34	2.2496E01
694.68	2.2730E01
695.01	2.2313E01
695.35	2.2656E01
695.69	2.2288E01
696.03	2.1821E01
696.36	2.1594E01
696.70	2.1423E01
697.04	2.0474E01
697.38	2.0771E01
697.71	2.0555E01
698.05	2.0943E01
698.39	2.0205E01
698.72	1.9972E01
699.06	1.9630E01
699.40	1.9414E01
699.74	1.9355E01
700.07	1.9954E01
700.41	1.9594E01
700.75	1.8954E01
701.08	1.8569E01
701.42	1.8497E01
701.76	1.8780E01
702.09	1.8641E01
702.43	1.8001E01
702.77	1.7818E01
703.10	1.9012E01
703.44	1.7758E01
703.77	1.7743E01
704.11	1.7471E01
704.45	1.7108E01
704.78	1.6205E01
705.12	1.6602E01
705.46	1.6385E01
705.79	1.6414E01
706.13	1.6387E01
706.46	1.6266E01
706.80	1.6161E01
707.14	1.5888E01
707.47	1.5982E01
707.81	1.5931E01
708.14	1.5791E01
708.48	1.5052E01
708.81	1.4941E01
709.15	1.4992E01
709.48	1.5993E01
709.82	1.4904E01
710.16	1.4636E01
710.49	1.4513E01
710.83	1.4784E01
711.16	1.4068E01
711.50	1.3573E01
711.83	1.3539E01
712.17	1.3133E01
712.50	1.3690E01
712.84	1.3983E01
713.17	1.3447E01
713.51	1.3418E01
713.84	1.3023E01
714.18	1.3509E01
714.51	1.2392E01
714.85	1.2157E01
715.18	1.2241E01
715.51	1.2324E01
715.85	1.2038E01
716.18	1.2425E01
716.52	1.2428E01
716.85	1.1525E01
717.19	1.1639E01
717.52	1.1302E01
717.86	1.1368E01
718.19	1.0806E01
718.52	1.1195E01
718.86	1.1593E01
719.19	1.1361E01
719.53	1.1312E01
719.86	1.1074E01
720.19	1.0646E01
720.53	1.0090E01
720.86	1.0595E01
721.19	1.0795E01
721.53	1.0981E01
721.86	1.0390E01
722.20	1.0282E01
722.53	1.0165E01
722.86	9.9288E00
723.20	9.5451E00
723.53	9.8247E00
723.86	9.7668E00
724.20	9.3289E00
724.53	9.6028E00
724.86	9.1748E00
725.19	9.6676E00
725.53	1.0013E01
725.86	9.1240E00
726.19	8.7608E00
726.53	9.0547E00
726.86	8.7410E00
727.19	8.8498E00
727.53	8.2992E00
727.86	8.5007E00
728.19	8.7359E00
728.52	8.1950E00
728.86	8.5824E00
729.19	8.8216E00
729.52	8.1550E00
729.85	8.2072E00
730.19	7.9315E00
730.52	8.6621E00
730.85	7.6999E00
731.18	7.7789E00
731.51	7.7964E00
731.85	7.2931E00
732.18	7.6700E00
732.51	7.5383E00
732.84	6.8914E00
733.17	7.3725E00
733.51	6.7232E00
733.84	7.1682E00
734.17	6.6683E00
734.50	6.6739E00
734.83	6.9965E00
735.16	6.8207E00
735.50	6.5066E00
735.83	6.5366E00
736.16	6.3719E00
736.49	6.3214E00
736.82	6.0653E00
737.15	5.7315E00
737.48	6.6660E00
737.81	6.2271E00
738.15	6.5960E00
738.48	5.8556E00
738.81	5.6479E00
739.14	6.2890E00
739.47	5.8963E00
739.80	5.6334E00
740.13	5.2414E00
740.46	5.6537E00
740.79	6.0278E00
741.12	5.1384E00
741.45	5.3671E00
741.78	4.8970E00
742.11	5.1923E00
742.44	4.9366E00
742.78	5.4130E00
743.11	4.6552E00
743.44	4.8171E00
743.77	4.6772E00
744.10	4.5816E00
744.43	4.6350E00
744.76	5.1690E00
745.09	4.5603E00
745.42	4.4899E00
745.75	4.8896E00
746.08	3.7929E00
746.41	3.9132E00
746.74	3.9235E00
747.07	3.8530E00
747.40	4.0618E00
747.72	3.9591E00
748.05	4.2829E00
748.38	4.5648E00
748.71	4.0406E00
749.04	4.0669E00
749.37	3.7354E00
749.70	4.1193E00
750.03	3.8728E00
750.36	3.5236E00
750.69	3.7944E00
751.02	4.0536E00
751.35	2.8131E00
751.68	3.6110E00
752.00	3.4169E00
752.33	3.5154E00
752.66	3.2163E00
752.99	3.3746E00
753.32	2.6878E00
753.65	3.0092E00
753.98	3.4518E00
754.31	2.9234E00
754.63	2.8882E00
754.96	2.8669E00
755.29	2.9969E00
755.62	2.9457E00
755.95	2.7720E00
756.28	2.8721E00
756.60	2.8656E00
756.93	3.0738E00
757.26	2.0041E00
757.59	2.9079E00
757.92	2.4196E00
758.24	2.9865E00
758.57	2.3260E00
758.90	2.5214E00
759.23	1.7908E00
759.56	2.4270E00
759.88	1.6922E00
760.21	2.1578E00
760.54	1.2730E00
760.87	2.0597E00
761.19	1.4256E00
761.52	1.7680E00
761.85	2.4996E00
762.18	1.9248E00
762.50	2.5147E00
762.83	2.4091E00
763.16	2.2041E00
763.49	1.0645E00
763.81	1.7906E00
764.14	2.0609E00
764.47	1.9846E00
764.79	8.7928E-01
765.12	2.2469E00
765.45	2.0864E00
765.77	1.5908E00
766.10	1.5452E00
766.43	9.2682E-01
766.75	1.7077E00
767.08	1.2555E00
767.41	1.8040E00
767.73	1.0244E00
768.06	1.3014E00
768.39	1.4096E00
768.71	1.3107E00
769.04	1.9031E00
769.36	5.5526E-01
769.69	1.4631E00
770.02	1.2760E00
770.34	8.5901E-01
770.67	1.7943E00
770.99	1.4658E00
771.32	1.5767E00
771.65	1.5293E00
771.97	1.4806E00
772.30	5.3710E-02
772.62	1.1502E00
772.95	1.6237E-01
773.27	1.3572E00
773.60	-1.8163E-02
773.93	8.0240E-01
774.25	2.5613E-01
774.58	1.2116E00
774.90	7.1884E-01
775.23	6.1042E-01
775.55	4.4568E-01
775.88	5.5928E-02
776.20	-3.7439E-02
776.53	-5.6406E-02
776.85	7.5570E-02
777.18	8.7266E-01
777.50	-6.8573E-01
777.83	4.4008E-01
778.15	4.9986E-01
778.48	2.8960E-01
778.80	-5.8203E-02
779.13	-7.9888E-01
779.45	-3.3277E-01
779.78	2.5549E-01
780.10	1.1833E-01
780.42	-4.5521E-01
780.75	-5.9584E-02
781.07	3.9861E-01
781.40	4.1973E-01
781.72	1.8037E-01
782.05	1.8080E-01
782.37	3.6241E-01
782.69	-2.6215E-01
783.02	1.0092E-01
783.34	6.4664E-01
783.67	4.4513E-01
783.99	1.6194E-01
784.31	2.2269E-01
784.64	4.0505E-02
784.96	-4.6591E-01
785.28	-8.9107E-01
785.61	-6.0722E-02
785.93	-7.4814E-01
786.25	-8.0820E-02
786.58	-1.0702E00
786.90	4.4376E-01
787.22	-9.0668E-01
787.55	-5.6325E-01
787.87	-7.2325E-01
788.19	-4.8119E-01
788.52	-3.2016E-01
788.84	-2.7965E-01
789.16	-8.3758E-01
789.49	-5.3747E-01
789.81	-7.7479E-01
790.13	-1.0115E00
790.46	-1.3464E00
790.78	-4.3480E-01
791.10	-6.7116E-01
791.42	-3.1525E-01
791.75	-5.3148E-01
792.07	-1.2588E00
792.39	-2.1613E-01
792.71	-1.3737E-01
793.04	-8.0391E-01
793.36	-1.1564E00
793.68	-2.5059E00
794.00	-3.5225E-01
794.32	-4.3037E-01
794.65	-7.6267E-01
794.97	-3.5215E-01
795.29	-1.2125E00
795.61	-1.1344E00
795.93	-8.0167E-01
796.26	-2.1518E-01
796.58	-6.0697E-01
796.90	-2.9392E-01
797.22	-6.6708E-01
797.54	-6.2847E-01
797.87	-3.5392E-01
798.19	-1.0238E00
798.51	-1.3793E00
798.83	-7.3043E-01
799.15	-1.7002E00
799.47	-1.1091E00
799.79	-1.0121E00
800.12	-1.8082E00
800.44	-8.5608E-01
800.76	-1.4761E00
801.08	-7.5954E-01
801.40	-1.5426E00
801.72	-1.9276E00
802.04	-1.3892E00
802.36	-1.4133E00
802.68	-1.6402E00
803.00	-1.6239E00
803.32	-1.1398E00
803.65	-1.9191E00
803.97	-1.1669E00
804.29	-9.2385E-01
804.61	-1.5033E00
804.93	-1.6313E00
805.25	-8.0774E-01
805.57	-1.4544E00
805.89	-7.7073E-01
806.21	-6.0579E-01
806.53	-1.2795E00
806.85	-7.1579E-01
807.17	-8.0271E-01
807.49	-8.9060E-01
807.81	-1.1920E00
808.13	-1.3453E00
808.45	-1.8006E00
808.77	-1.4423E00
809.09	-2.0308E00
809.41	-1.5833E00
809.73	-1.8514E00
810.05	-1.1145E00
810.37	-8.7746E-01
810.69	-2.1801E00
811.01	-1.1938E00
811.33	-1.5751E00
811.64	-2.0275E00
811.96	-2.7950E00
812.28	-1.7281E00
812.60	-9.2380E-01
812.92	-2.0585E00
813.24	-1.5894E00
813.56	-2.0515E00
813.88	-1.7163E00
814.20	-2.0677E00
814.52	-2.0519E00
814.83	-2.1072E00
815.15	-2.3713E00
815.47	-6.0694E-01
815.79	-2.3421E00
816.11	-1.5289E00
816.43	-2.2669E00
816.75	-1.8966E00
817.06	-1.0952E00
817.38	-1.5536E00
817.70	-2.4713E00
818.02	-3.0124E00
818.34	-1.4275E00
818.66	-2.3325E00
818.97	-1.7570E00
819.29	-2.5742E00
819.61	-3.1746E00
819.93	-2.7176E00
820.25	-1.5130E00
820.56	-1.9920E00
820.88	-2.8989E00
821.20	-1.9334E00
821.52	-1.6134E00
821.84	-2.0753E00
822.15	-2.1598E00
822.47	-2.4993E00
822.79	-2.3047E00
823.11	-3.1616E00
823.42	-3.0980E00
823.74	-2.2542E00
824.06	-2.9130E00
824.37	-2.0633E00
824.69	-2.3591E00
825.01	-3.4197E00
825.33	-1.8750E00
825.64	-3.7109E00
825.96	-2.6075E00
826.28	-2.4555E00
826.59	-4.2065E00
826.91	-4.1934E00
827.23	-1.7271E00
827.54	-3.8718E00
827.86	-2.3643E00
828.18	-3.4360E00
828.49	-3.5853E00
828.81	-3.2672E00
829.13	-3.4149E00
829.44	-3.1235E00
829.76	-3.2193E00
830.08	-2.8411E00
830.39	-3.5506E00
830.71	-2.6366E00
831.02	-3.6048E00
831.34	-2.7980E00
831.66	-2.4675E00
831.97	-2.9618E00
832.29	-3.2028E00
832.60	-3.2447E00
832.92	-2.2772E00
833.23	-2.4300E00
833.55	-2.9327E00
833.87	-3.3229E00
834.18	-3.6585E00
834.50	-3.4941E00
834.81	-2.3875E00
835.13	-2.8695E00
835.44	-3.9168E00
835.76	-2.9175E00
836.07	-4.2713E00
836.39	-2.9066E00
836.70	-2.6457E00
837.02	-2.5029E00
837.33	-2.6939E00
837.65	-3.2199E00
837.96	-3.3235E00
838.28	-3.7026E00
838.59	-2.7641E00
838.91	-3.9448E00
839.22	-3.9873E00
839.54	-2.6658E00
839.85	-2.7353E00
840.17	-1.7452E00
840.48	-2.3427E00
840.80	-2.7529E00
841.11	-3.3546E00
841.43	-4.0507E00
841.74	-2.2951E00
842.05	-3.3693E00
842.37	-2.3040E00
842.68	-4.3683E00
843.00	-2.7956E00
843.31	-3.7947E00
843.62	-3.7774E00
843.94	-3.0240E00
844.25	-4.6211E00
844.57	-3.3103E00
844.88	-3.6867E00
845.19	-2.3941E00
845.51	-3.9889E00
845.82	-3.2772E00
846.13	-3.9883E00
846.45	-3.7708E00
846.76	-3.4831E00
847.07	-4.5725E00
847.39	-2.6995E00
847.70	-3.8616E00
848.01	-3.7089E00
848.33	-3.9960E00
848.64	-2.6054E00
848.95	-3.2681E00
849.27	-2.8666E00
849.58	-4.4388E00
849.89	-2.9597E00
850.21	-3.6357E00
850.52	-4.6322E00
850.83	-4.6136E00
851.14	-4.0650E00
851.46	-4.6453E00
851.77	-5.1257E00
852.08	-4.5373E00
852.39	-4.1982E00
852.71	-4.5738E00
853.02	-4.8790E00
853.33	-4.4573E00
853.64	-4.9445E00
853.96	-4.9622E00
854.27	-4.1393E00
854.58	-3.9347E00
854.89	-4.2433E00
855.20	-4.9251E00
855.52	-4.2727E00
855.83	-3.6895E00
856.14	-5.0125E00
856.45	-3.8676E00
856.76	-5.5797E00
857.07	-4.2394E00
857.39	-3.8754E00
857.70	-5.3354E00
858.01	-5.2768E00
858.32	-3.9921E00
858.63	-3.8911E00
858.94	-6.3026E00
859.25	-5.8636E00
859.57	-4.9905E00
859.88	-3.8365E00
860.19	-4.9503E00
860.50	-6.5886E00
860.81	-4.7134E00
861.12	-5.0112E00
861.43	-4.5128E00
861.74	-5.2119E00
862.05	-4.2262E00
862.36	-5.3354E00
862.67	-3.5310E00
862.99	-3.9090E00
863.30	-5.8856E00
863.61	-4.0650E00
863.92	-5.3174E00
864.23	-5.6289E00
864.54	-4.9485E00
864.85	-3.1736E00
865.16	-5.8284E00
865.47	-5.5578E00
865.78	-6.2580E00
866.09	-5.8584E00
866.40	-5.5020E00
866.71	-5.7809E00
867.02	-4.3877E00
867.33	-5.4005E00
867.64	-3.4700E00
867.95	-2.2215E00
868.26	-3.1075E00
868.57	-3.4304E00
868.88	-5.7450E00
869.19	-4.6629E00
869.50	-5.2633E00
869.81	-5.2890E00
870.12	-5.8580E00
870.42	-4.4821E00
870.73	-5.6415E00
871.04	-5.9477E00
871.35	-4.6437E00
871.66	-4.9428E00
871.97	-5.9906E00
872.28	-6.7658E00
872.59	-5.9116E00
872.90	-8.1654E00
873.21	-4.1290E00
873.52	-6.4875E00
873.82	-6.3788E00
874.13	-4.1973E00
874.44	-5.3344E00
874.75	-6.5818E00
875.06	-6.1297E00
875.37	-4.9777E00
875.68	-4.6598E00
875.98	-6.7780E00
876.29	-4.5559E00
876.60	-7.6489E00
876.91	-4.6041E00
877.22	-7.4771E00
877.52	-6.9001E00
877.83	-6.4733E00
878.14	-4.7023E00
878.45	-6.0280E00
878.76	-6.2707E00
879.06	-4.9384E00
879.37	-8.6598E00
879.68	-7.0107E00
879.99	-6.2480E00
880.30	-6.0114E00
880.60	-7.8779E00
880.91	-7.9158E00
881.22	-6.2695E00
881.53	-7.1755E00
881.83	-4.6765E00
882.14	-8.4580E00
882.45	-7.5536E00
882.75	-6.3030E00
883.06	-9.4676E00
883.37	-7.0848E00
883.68	-9.2066E00
883.98	-7.2577E00
884.29	-7.6859E00
884.60	-6.8546E00
884.90	-8.7681E00
885.21	-6.6684E00
885.52	-6.2837E00
885.82	-7.5679E00
886.13	-6.6095E00
886.44	-5.5191E00
886.74	-6.5803E00
887.05	-8.9293E00
887.36	-7.9508E00
887.66	-8.0240E00
887.97	-6.9253E00
888.27	-6.2343E00
888.58	-7.9548E00
888.89	-6.9059E00
889.19	-5.7395E00
889.50	-7.7578E00
889.80	-6.8808E00
890.11	-4.9916E00
890.42	-7.2585E00
890.72	-8.6426E00
891.03	-8.1789E00
891.33	-8.5500E00
891.64	-7.2436E00
891.94	-6.2941E00
892.25	-7.4438E00
892.56	-8.1682E00
892.86	-5.2329E00
893.17	-7.1686E00
893.47	-6.6342E00
893.78	-6.5201E00
894.08	-8.0929E00
894.39	-8.4627E00
894.69	-8.0438E00
895.00	-6.6586E00
895.30	-8.0557E00
895.61	-6.7886E00
895.91	-8.1308E00
896.22	-6.0690E00
896.52	-8.6829E00
896.83	-7.4725E00
897.13	-8.7516E00
897.43	-8.5750E00
897.74	-7.0596E00
898.04	-6.2111E00
898.35	-1.0721E01
898.65	-7.8009E00
898.96	-8.2897E00
899.26	-8.1112E00
899.57	-8.6679E00
899.87	-8.1229E00
900.17	-8.0649E00
900.48	-6.2360E00
900.78	-7.2785E00
901.09	-7.8940E00
901.39	-8.6377E00
901.69	-5.5780E00
902.00	-8.8323E00
902.30	-8.2309E00
902.60	-9.2864E00
902.91	-8.8712E00
903.21	-7.6517E00
903.51	-9.2743E00
903.82	-8.9236E00
904.12	-5.7792E00
904.42	-9.2230E00
904.73	-6.0604E00
905.03	-8.5829E00
905.33	-8.6715E00
905.64	-6.8029E00
905.94	-9.2820E00
906.24	-9.8718E00
906.55	-8.0613E00
906.85	-9.2924E00
907.15	-7.8479E00
907.45	-6.6523E00
907.76	-9.5507E00
908.06	-1.0215E01
908.36	-6.6370E00
908.66	-9.5707E00
908.97	-9.2727E00
909.27	-7.6757E00
909.57	-6.9148E00
909.87	-6.9951E00
910.18	-7.6769E00
910.48	-1.0140E01
910.78	-7.1388E00
911.08	-9.8189E00
911.39	-8.1934E00
911.69	-7.0192E00
911.99	-9.7983E00
912.29	-9.3742E00
912.59	-1.0638E01
912.89	-1.0621E01
913.20	-9.9948E00
913.50	-1.0458E01
913.80	-9.7517E00
914.10	-1.0986E01
914.40	-7.8980E00
914.70	-8.9952E00
915.01	-1.0674E01
915.31	-8.9556E00
915.61	-9.4316E00
915.91	-7.9775E00
916.21	-7.8832E00
916.51	-9.8938E00
916.81	-6.6590E00
917.11	-1.1115E01
917.41	-8.9558E00
917.72	-1.1028E01
918.02	-1.0640E01
918.32	-8.8131E00
918.62	-1.1894E01
918.92	-8.9907E00
919.22	-7.2788E00
919.52	-1.2405E01
919.82	-9.6847E00
920.12	-8.1057E00
920.42	-9.2561E00
920.72	-9.6331E00
921.02	-9.6923E00
921.32	-1.1282E01
921.62	-1.0075E01
921.92	-1.2255E01
922.22	-1.0385E01
922.52	-1.1036E01
922.82	-1.3937E01
923.12	-1.0949E01
923.42	-1.0852E01
923.72	-8.8090E00
924.02	-1.0740E01
924.32	-1.2875E01
924.62	-9.0782E00
924.92	-1.0974E01
925.22	-1.0444E01
925.52	-1.3176E01
925.82	-1.2392E01
926.12	-1.0872E01
926.42	-1.5128E01
926.72	-5.8486E00
927.02	-9.2141E00
927.31	-1.2455E01
927.61	-1.1810E01
927.91	-1.7467E01
928.21	-1.1703E01
928.51	-1.6955E01
928.81	-1.0323E01
929.11	-1.4676E01
929.41	-1.2337E01
929.71	-1.5887E01
930.00	-1.5229E01
930.30	-1.2842E01
930.60	-1.3249E01
930.90	-1.2547E01
931.20	-1.7918E01
931.50	-1.2586E01
931.79	-1.4821E01
932.09	-1.5305E01
932.39	-1.7083E01
932.69	-1.2600E01
932.99	-1.4601E01
933.29	-1.3763E01
933.58	-1.8870E01
933.88	-1.2168E01
934.18	-1.2084E01
934.48	-1.4910E01
934.77	-1.4961E01
935.07	-1.8253E01
935.37	-1.6069E01
935.67	-1.2862E01
935.97	-1.4416E01
936.26	-1.5263E01
936.56	-1.4848E01
936.86	-1.4037E01
937.15	-1.8348E01
937.45	-1.6235E01
937.75	-1.1869E01
938.05	-1.9308E01
938.34	-1.7833E01
938.64	-2.1905E01
938.94	-1.6142E01
939.23	-2.2726E01
939.53	-1.8719E01
939.83	-1.3647E01
940.12	-1.5955E01
940.42	-3.1233E01
940.72	-2.6385E01
941.01	-2.0188E01
941.31	-2.0553E01
941.61	-2.3286E01
941.90	-2.0855E01
942.20	-2.4036E01
942.50	-2.4209E01
942.79	-1.7411E01
943.09	-1.5967E01
943.38	-2.3311E01
943.68	-2.6997E01
943.98	-2.5580E01
944.27	-2.8582E01
944.57	-2.1791E01
944.86	-1.7631E01
945.16	-2.6757E01
945.46	-2.3710E01
945.75	-3.3952E01
946.05	-3.6396E01
946.34	-2.8615E01
946.64	-2.9570E01
946.93	-2.4530E01
947.23	-2.6265E01
947.52	-3.2977E01
947.82	-2.2052E01
948.12	-2.0456E01
948.41	-3.0590E01
948.71	-2.8778E01
949.00	-2.8032E01
949.30	-2.8747E01
949.59	-3.2171E01
949.89	-2.5430E01
950.18	-2.8035E01
950.48	-2.1473E01
950.77	-2.8945E01
951.06	-3.1108E01
951.36	-3.3025E01
951.65	-3.0014E01
951.95	-3.4916E01
952.24	-3.7682E01
952.54	-3.0232E01
952.83	-2.4703E01
953.13	-2.4076E01
953.42	-2.2169E01
953.71	-2.7747E01
954.01	-3.0352E01
954.30	-2.3533E01
954.60	-2.0145E01
954.89	-3.3515E01
955.18	-2.9063E01
955.48	-2.4806E01
955.77	-2.7243E01
956.07	-2.6448E01
956.36	-3.0223E01
956.65	-2.7698E01
956.95	-2.7992E01
957.24	-2.3020E01
957.53	-2.7902E01
957.83	-2.6009E01
958.12	-3.0472E01
958.41	-3.0998E01
958.71	-2.7517E01
959.00	-2.4243E01
959.29	-2.3626E01
959.59	-3.3299E01
959.88	-3.2270E01
960.17	-2.7627E01
960.46	-2.7253E01
960.76	-2.3498E01
961.05	-2.7617E01
961.34	-2.5687E01
961.64	-3.1477E01
961.93	-3.2961E01
962.22	-3.4204E01
962.51	-2.3509E01
962.81	-2.9836E01
963.10	-2.3681E01
963.39	-2.2854E01
963.68	-2.7138E01
963.97	-3.2154E01
964.27	-3.5124E01
964.56	-2.9342E01
964.85	-3.6590E01
965.14	-3.0282E01
965.43	-3.2585E01
965.73	-4.4795E01
966.02	-3.9425E01
966.31	-2.7215E01
966.60	-2.8314E01
966.89	-3.6828E01
967.19	-3.3563E01
967.48	-4.0186E01
967.77	-4.0892E01
968.06	-3.0077E01
968.35	-3.7328E01
968.64	-2.4835E01
968.93	-3.2583E01
969.22	-2.9181E01
969.52	-3.7301E01
969.81	-3.5980E01
970.10	-3.8016E01
970.39	-3.3294E01
970.68	-4.2741E01
970.97	-2.9973E01
971.26	-4.2159E01
971.55	-2.8717E01
971.84	-4.0242E01
972.13	-3.4818E01
972.42	-3.2582E01
972.71	-3.9976E01
973.01	-3.3819E01
973.30	-3.8195E01
973.59	-2.6372E01
973.88	-3.1646E01
974.17	-2.8164E01
974.46	-4.3522E01
974.75	-3.3199E01
975.04	-3.9815E01
975.33	-4.9125E01
975.62	-3.8805E01
975.91	-4.2571E01
976.20	-3.8085E01
976.49	-4.5201E01
976.78	-3.8502E01
977.07	-3.8089E01
977.36	-4.9610E01
977.64	-3.2504E01
977.93	-3.8825E01
978.22	-2.9450E01
978.51	-3.6833E01
978.80	-4.6257E01
979.09	-5.0108E01
979.38	-4.4754E01
979.67	-4.1567E01
979.96	-4.0330E01
980.25	-3.7690E01
980.54	-4.1252E01
980.83	-5.0506E01
981.12	-3.5506E01
981.40	-4.0922E01
981.69	-3.3738E01
981.98	-5.4618E01
982.27	-4.8828E01
982.56	-5.2330E01
982.85	-5.3784E01
983.14	-4.7411E01
983.42	-4.8140E01
983.71	-3.9524E01
984.00	-4.9983E01
984.29	-4.6333E01
984.58	-5.0998E01
984.87	-5.8040E01
985.15	-5.3266E01
985.44	-4.7655E01
985.73	-4.9564E01
986.02	-5.2995E01
986.31	-3.6541E01
986.59	-5.5121E01
986.88	-4.1894E01
987.17	-5.0508E01
987.46	-5.8036E01
987.74	-5.2587E01
988.03	-6.1884E01
988.32	-8.8440E01
988.61	-4.6850E01
988.89	-4.1395E01
989.18	-3.5847E01
989.47	-5.4230E01
989.76	-3.6833E01
990.04	-5.6304E01
990.33	-6.3194E01
990.62	-6.2416E01
990.90	-5.7702E01
991.19	-6.9714E01
991.48	-4.3567E01
991.76	-6.8570E01
992.05	-5.1516E01
992.34	-5.7100E01
992.62	-7.4097E01
992.91	-4.9658E01
993.20	-3.6542E01
993.48	-5.6694E01
993.77	-5.9121E01
994.06	-7.0631E01
994.34	-7.7508E01
994.63	-6.6974E01
994.92	-7.0465E01
995.20	-6.4211E01
995.49	-7.1739E01
995.77	-5.9253E01
996.06	-6.3416E01
996.35	-5.4131E01
996.63	-4.6840E01
996.92	-7.6132E01
997.20	-6.2011E01
997.49	-5.6687E01
997.77	-1.0850E02
998.06	-8.2825E01
998.34	-4.9980E01
998.63	-8.1971E01
998.92	-6.4282E01
999.20	-7.6031E01
999.49	-7.9017E01
999.77	-6.2513E01
1000.06	-8.0591E01
1000.34	-7.4816E01
1000.63	-8.2011E01
1000.91	-6.2574E01
1001.20	-8.1875E01
1001.48	-6.9309E01
1001.77	-8.4783E01
1002.05	-7.0089E01
1002.34	-1.1785E02
1002.62	-1.0435E02
1002.90	-7.9851E01
1003.19	-7.7954E01
1003.47	-8.8499E01
1003.76	-5.7193E01
1004.04	-1.0030E02
1004.33	-1.0050E02
1004.61	-8.3233E01
1004.89	-9.2294E01
1005.18	-8.2164E01
1005.46	-1.1775E02
1005.75	-1.0421E02
1006.03	-1.0380E02
1006.31	-9.9051E01
1006.60	-1.1218E02
1006.88	-9.8695E01
1007.17	-1.1721E02
1007.45	-1.2596E02
1007.73	-8.5855E01
1008.02	-1.2236E02
1008.30	-1.2874E02
1008.58	-9.4528E01
1008.87	-8.2197E01
1009.15	-1.0505E02
1009.43	-1.2362E02
1009.72	-9.1291E01
1010.00	-1.3377E02
1010.28	-1.3629E02
1010.57	-9.2557E01
1010.85	-1.1612E02
1011.13	-1.2501E02
1011.41	-1.0235E02
1011.70	-1.0954E02
1011.98	-8.6927E01
1012.26	-1.1979E02
1012.55	-9.7900E01
1012.83	-9.0680E01
1013.11	-1.0817E02
1013.39	-1.1836E02
1013.68	-1.6272E02
1013.96	-1.4097E02
1014.24	-1.3583E02
1014.52	-1.3519E02
1014.80	-1.3856E02
1015.09	-1.4813E02
1015.37	-1.2796E02
1015.65	-1.5953E02
1015.93	-1.4743E02
1016.21	-1.1198E02
1016.50	-1.3113E02
1016.78	-1.3897E02
1017.06	-8.0455E01
1017.34	-1.4665E02
1017.62	-1.7408E02
1017.90	-1.7516E02
1018.19	-1.0595E02
1018.47	-1.8950E02
1018.75	-1.6741E02
1019.03	-1.1552E02
1019.31	-1.7093E02
1019.59	-1.8135E02
1019.87	-1.4603E02
1020.15	-1.5974E02
1020.44	-1.9217E02
1020.72	-1.8416E02
1021.00	-1.4844E02
1021.28	-1.4266E02
1021.56	-1.7751E02
1021.84	-1.9268E02
1022.12	-1.8289E02
1022.40	-1.8497E02
1022.68	-1.3986E02
1022.96	-1.0442E02
1023.24	-2.0986E02
1023.52	-1.8819E02
1023.80	-1.8829E02
1024.08	-1.8829E02

