339.47	-0.0000E00
339.85	-0.0000E00
340.24	-0.0000E00
340.62	-0.0000E00
341.01	-0.0000E00
341.39	-0.0000E00
341.77	-0.0000E00
342.16	-0.0000E00
342.54	-0.0000E00
342.92	-0.0000E00
343.31	-0.0000E00
343.69	-0.0000E00
344.07	-0.0000E00
344.46	-0.0000E00
344.84	-0.0000E00
345.22	-0.0000E00
345.61	-0.0000E00
345.99	-0.0000E00
346.37	-0.0000E00
346.76	-0.0000E00
347.14	-0.0000E00
347.52	-0.0000E00
347.91	-0.0000E00
348.29	-0.0000E00
348.67	-4.1485E00
349.05	-4.2655E00
349.44	-4.5144E00
349.82	-4.3493E00
350.20	-3.2672E00
350.59	-3.7811E00
350.97	-4.3748E00
351.35	-3.6406E00
351.73	-3.3606E00
352.12	-2.9754E00
352.50	-4.6631E00
352.88	-3.1836E00
353.26	-3.3737E00
353.65	-3.2113E00
354.03	-3.4885E00
354.41	-3.5546E00
354.79	-1.7833E00
355.17	-3.3054E00
355.56	-2.9328E00
355.94	-3.4751E00
356.32	-2.4399E00
356.70	-2.4408E00
357.08	-3.2745E00
357.47	-3.3384E00
357.85	-3.5266E00
358.23	-2.9752E00
358.61	-3.9694E00
358.99	-3.9405E00
359.38	-3.5327E00
359.76	-3.8192E00
360.14	-4.0660E00
360.52	-3.6835E00
360.90	-2.0823E00
361.28	-3.0987E00
361.66	-3.6466E00
362.05	-3.0723E00
362.43	-3.1862E00
362.81	-4.2554E00
363.19	-3.8458E00
363.57	-3.1526E00
363.95	-2.7731E00
364.33	-3.6814E00
364.71	-3.3204E00
365.10	-3.0223E00
365.48	-3.9260E00
365.86	-3.7030E00
366.24	-3.5206E00
366.62	-3.3823E00
367.00	-3.2636E00
367.38	-2.1401E00
367.76	-2.8671E00
368.14	-2.9423E00
368.52	-3.1343E00
368.90	-3.5990E00
369.28	-2.6266E00
369.66	-2.5111E00
370.04	-2.8898E00
370.42	-2.2751E00
370.81	-2.9136E00
371.19	-4.1852E00
371.57	-3.6768E00
371.95	-4.2682E00
372.33	-3.3862E00
372.71	-3.8692E00
373.09	-4.6588E00
373.47	-2.1711E00
373.85	-2.9422E00
374.23	-3.3495E00
374.61	-3.0110E00
374.99	-2.8627E00
375.37	-2.2897E00
375.75	-2.8601E00
376.13	-2.9579E00
376.51	-3.1608E00
376.88	-3.2894E00
377.26	-3.0657E00
377.64	-2.8607E00
378.02	-2.6960E00
378.40	-2.4999E00
378.78	-3.2768E00
379.16	-3.9281E00
379.54	-2.7014E00
379.92	-2.9380E00
380.30	-2.8343E00
380.68	-2.8211E00
381.06	-2.7385E00
381.44	-2.7160E00
381.82	-2.5266E00
382.20	-2.7206E00
382.57	-1.9086E00
382.95	-2.1613E00
383.33	-2.6398E00
383.71	-2.8010E00
384.09	-3.0032E00
384.47	-2.5760E00
384.85	-2.3164E00
385.23	-2.6751E00
385.60	-2.3500E00
385.98	-1.6514E00
386.36	-2.0399E00
386.74	-2.5604E00
387.12	-2.2923E00
387.50	-1.6364E00
387.88	-2.5816E00
388.25	-1.4996E00
388.63	-2.1810E00
389.01	-2.1921E00
389.39	-2.9191E00
389.77	-2.5268E00
390.14	-2.6906E00
390.52	-1.6198E00
390.90	-1.6263E00
391.28	-2.1067E00
391.66	-2.3534E00
392.03	-2.7009E00
392.41	-1.8771E00
392.79	-1.7901E00
393.17	-2.3651E00
393.54	-3.0977E00
393.92	-1.8077E00
394.30	-2.5221E00
394.68	-1.5515E00
395.06	-2.1631E00
395.43	-2.4949E00
395.81	-1.7852E00
396.19	-2.4684E00
396.56	-2.1914E00
396.94	-1.8766E00
397.32	-2.2194E00
397.70	-2.2089E00
398.07	-1.5736E00
398.45	-1.7713E00
398.83	-1.5219E00
399.20	-1.7911E00
399.58	-1.8339E00
399.96	-1.4823E00
400.34	-1.8849E00
400.71	-1.5705E00
401.09	-2.1632E00
401.47	-1.9189E00
401.84	-2.6437E00
402.22	-1.8952E00
402.60	-1.8213E00
402.97	-1.5647E00
403.35	-1.4794E00
403.73	-1.5668E00
404.10	-1.9463E00
404.48	-2.1452E00
404.85	-1.9907E00
405.23	-1.6175E00
405.61	-2.4769E00
405.98	-1.4745E00
406.36	-1.9383E00
406.74	-1.8327E00
407.11	-1.0974E00
407.49	-2.0261E00
407.86	-2.5249E00
408.24	-1.1289E00
408.62	-1.9301E00
408.99	-1.6757E00
409.37	-1.4885E00
409.74	-1.8722E00
410.12	-2.0286E00
410.49	-9.9435E-01
410.87	-1.8491E00
411.25	-1.3099E00
411.62	-1.0262E00
412.00	-1.1229E00
412.37	-1.5496E00
412.75	-1.6576E00
413.12	-1.4206E00
413.50	-1.6095E00
413.87	-1.6965E00
414.25	-1.6676E00
414.62	-1.0999E00
415.00	-1.8087E00
415.37	-6.5767E-01
415.75	-1.2924E00
416.12	-1.1217E00
416.50	-1.5580E00
416.87	-9.0755E-01
417.25	-1.0916E00
417.62	-1.5397E00
418.00	-7.5420E-01
418.37	-1.7671E00
418.75	-1.1150E00
419.12	-1.4499E00
419.50	-1.1451E00
419.87	-1.0110E00
420.25	-1.2653E00
420.62	-9.2623E-01
420.99	-1.3562E00
421.37	-1.2052E00
421.74	-1.3997E00
422.12	-3.1415E00
422.49	-1.0085E00
422.87	-7.1923E-01
423.24	-7.5417E-01
423.61	-6.1589E-01
423.99	-8.5850E-01
424.36	-5.3755E-01
424.74	-5.7277E-01
425.11	-2.4334E-01
425.48	-1.0812E00
425.86	-7.5013E-01
426.23	-8.8104E-01
426.60	-7.9351E-01
426.98	-6.9444E-01
427.35	-8.7035E-01
427.73	-1.1153E00
428.10	-1.0538E00
428.47	-3.5424E-02
428.85	-6.9428E-01
429.22	-8.4386E-01
429.59	-4.4427E-01
429.97	-9.3254E-01
430.34	-1.0107E00
430.71	-5.5571E-01
431.09	-6.6919E-01
431.46	-5.6389E-01
431.83	-1.0428E00
432.21	-9.3360E-01
432.58	-9.0442E-01
432.95	-6.5170E-01
433.32	-9.7138E-01
433.70	-7.7622E-01
434.07	-1.0151E00
434.44	-8.5542E-01
434.82	-3.0561E-01
435.19	-8.1435E-01
435.56	-8.4129E-01
435.93	-8.6994E-01
436.31	-1.0156E00
436.68	-1.0330E00
437.05	-1.1439E00
437.42	-1.6452E00
437.80	-7.2491E-01
438.17	-7.6368E-01
438.54	-1.2920E00
438.91	-8.2013E-01
439.28	-6.3057E-01
439.66	-1.0189E00
440.03	-7.4767E-01
440.40	-8.3491E-01
440.77	-4.7640E-01
441.14	-8.6836E-01
441.52	-2.9144E-01
441.89	-4.4010E-01
442.26	-7.5606E-01
442.63	-6.5312E-01
443.00	-6.7974E-01
443.38	-8.8305E-01
443.75	-5.5746E-01
444.12	-8.2807E-01
444.49	-6.4087E-01
444.86	-6.3878E-01
445.23	-6.4639E-01
445.60	-4.4234E-01
445.98	-5.4616E-01
446.35	-7.8258E-01
446.72	-5.1364E-01
447.09	-4.1638E-01
447.46	-9.1368E-01
447.83	-8.9003E-01
448.20	-4.0053E-01
448.57	-3.7121E-01
448.94	-9.6864E-01
449.32	-5.5091E-01
449.69	-6.3097E-01
450.06	-6.9306E-01
450.43	-1.0113E00
450.80	-4.8181E-01
451.17	-6.6242E-01
451.54	-5.9767E-01
451.91	-5.1550E-01
452.28	-6.2431E-01
452.65	-4.7944E-01
453.02	-3.9797E-01
453.39	-6.0561E-01
453.76	-8.3180E-01
454.13	-4.4270E-01
454.50	-7.4965E-01
454.87	-8.7588E-01
455.24	-8.4903E-01
455.61	-5.0618E-01
455.98	-8.7633E-01
456.35	-1.1366E00
456.72	-9.3590E-01
457.09	-8.2737E-01
457.46	-6.9116E-01
457.83	-8.2278E-01
458.20	-1.0254E00
458.57	-7.7210E-01
458.94	-4.2461E-01
459.31	-9.4178E-01
459.68	-5.0820E-01
460.05	-7.3247E-01
460.42	-6.3353E-01
460.79	-5.3555E-01
461.16	-9.5313E-01
461.53	-7.0051E-01
461.90	-7.1502E-01
462.27	-3.9824E-01
462.64	-7.8575E-01
463.01	-2.8595E-01
463.38	-5.9497E-01
463.75	-8.9277E-01
464.12	-5.9823E-01
464.48	-9.0934E-01
464.85	-9.3799E-01
465.22	-4.2586E-01
465.59	-7.7440E-01
465.96	-6.8073E-01
466.33	-8.7010E-01
466.70	-4.6461E-01
467.07	-6.2294E-01
467.44	-3.4947E-01
467.80	-3.1577E-01
468.17	-6.6670E-01
468.54	-6.3974E-01
468.91	-7.9865E-01
469.28	-5.7816E-01
469.65	-7.4281E-01
470.02	-7.3767E-01
470.38	-3.0940E-01
470.75	-2.5421E-01
471.12	-7.2517E-01
471.49	-6.4519E-01
471.86	-4.7939E-01
472.22	-5.1133E-01
472.59	-2.0690E-01
472.96	-2.8960E-01
473.33	-1.8175E-01
473.70	-2.8338E-01
474.06	-3.8317E-01
474.43	-1.1527E-01
474.80	-4.7692E-01
475.17	-2.9877E-01
475.54	-2.6950E-01
475.90	-2.0840E-01
476.27	-1.8709E-01
476.64	-4.0291E-01
477.01	-3.1048E-01
477.37	-6.2832E-03
477.74	-3.1123E-02
478.11	-1.3550E-01
478.48	-4.7499E-01
478.84	-1.8678E-01
479.21	-1.1336E-01
479.58	-2.0042E-01
479.94	-4.0738E-02
480.31	-2.0695E-01
480.68	9.6506E-02
481.05	-1.0100E-01
481.41	-6.6401E-02
481.78	5.4697E-03
482.15	-1.7306E-01
482.51	2.7280E-01
482.88	2.6945E-01
483.25	1.4628E-01
483.61	2.3261E-01
483.98	3.5317E-01
484.35	2.5841E-01
484.71	2.9594E-01
485.08	3.2756E-01
485.45	3.9335E-01
485.81	3.2627E-01
486.18	3.2770E-01
486.54	4.0085E-01
486.91	4.2097E-01
487.28	6.1868E-01
487.64	4.3214E-01
488.01	4.7434E-01
488.38	5.7957E-01
488.74	5.0226E-01
489.11	5.2063E-01
489.47	7.6590E-01
489.84	7.9550E-01
490.20	7.8129E-01
490.57	6.5838E-01
490.94	7.7964E-01
491.30	6.5386E-01
491.67	8.0750E-01
492.03	1.0402E00
492.40	9.9127E-01
492.76	1.0267E00
493.13	1.1414E00
493.50	1.1303E00
493.86	1.0616E00
494.23	1.3664E00
494.59	1.3620E00
494.96	1.4868E00
495.32	1.5669E00
495.69	1.6342E00
496.05	1.7359E00
496.42	1.6361E00
496.78	1.8712E00
497.15	1.6281E00
497.51	1.9328E00
497.88	2.0949E00
498.24	2.1285E00
498.61	2.2162E00
498.97	2.2293E00
499.34	2.4322E00
499.70	2.4179E00
500.06	2.6354E00
500.43	2.4997E00
500.79	2.8908E00
501.16	2.8904E00
501.52	3.2330E00
501.89	3.0681E00
502.25	3.4092E00
502.62	3.2883E00
502.98	3.5295E00
503.34	3.8033E00
503.71	3.7823E00
504.07	3.9446E00
504.44	4.3550E00
504.80	4.3195E00
505.16	4.4149E00
505.53	4.6632E00
505.89	4.8281E00
506.26	5.0153E00
506.62	5.2258E00
506.98	5.1086E00
507.35	5.4049E00
507.71	5.4844E00
508.07	5.7442E00
508.44	5.8929E00
508.80	5.8635E00
509.16	6.3652E00
509.53	6.4155E00
509.89	6.7509E00
510.25	7.0827E00
510.62	7.1583E00
510.98	7.1678E00
511.34	7.5599E00
511.71	7.4697E00
512.07	7.8942E00
512.43	8.0351E00
512.80	8.3562E00
513.16	8.7751E00
513.52	8.8658E00
513.88	9.2444E00
514.25	9.1483E00
514.61	9.4700E00
514.97	9.5132E00
515.33	9.9611E00
515.70	1.0242E01
516.06	1.0588E01
516.42	1.0569E01
516.78	1.0851E01
517.15	1.0741E01
517.51	1.1299E01
517.87	1.1692E01
518.23	1.1786E01
518.60	1.2052E01
518.96	1.2454E01
519.32	1.2728E01
519.68	1.3116E01
520.04	1.3354E01
520.41	1.3794E01
520.77	1.3820E01
521.13	1.4447E01
521.49	1.4459E01
521.85	1.4861E01
522.22	1.5048E01
522.58	1.5368E01
522.94	1.5945E01
523.30	1.5953E01
523.66	1.6108E01
524.02	1.6658E01
524.38	1.7353E01
524.75	1.6987E01
525.11	1.7894E01
525.47	1.7680E01
525.83	1.8264E01
526.19	1.8275E01
526.55	1.8874E01
526.91	1.8851E01
527.27	1.9617E01
527.64	1.9840E01
528.00	2.0367E01
528.36	2.0685E01
528.72	2.1017E01
529.08	2.0948E01
529.44	2.1654E01
529.80	2.2395E01
530.16	2.2113E01
530.52	2.2175E01
530.88	2.3013E01
531.24	2.3282E01
531.60	2.3896E01
531.96	2.4115E01
532.32	2.4450E01
532.68	2.5024E01
533.04	2.5047E01
533.40	2.6192E01
533.77	2.5927E01
534.13	2.6898E01
534.49	2.6734E01
534.85	2.7111E01
535.21	2.7890E01
535.57	2.7866E01
535.93	2.8645E01
536.29	2.8995E01
536.65	2.9438E01
537.00	2.9444E01
537.36	2.9838E01
537.72	3.0529E01
538.08	3.1555E01
538.44	3.1249E01
538.80	3.1922E01
539.16	3.2388E01
539.52	3.2935E01
539.88	3.3547E01
540.24	3.3370E01
540.60	3.3972E01
540.96	3.4485E01
541.32	3.5330E01
541.68	3.5362E01
542.04	3.5965E01
542.40	3.6554E01
542.75	3.7216E01
543.11	3.7382E01
543.47	3.8325E01
543.83	3.8393E01
544.19	3.9225E01
544.55	3.9780E01
544.91	4.0238E01
545.27	4.0489E01
545.63	4.1845E01
545.98	4.2353E01
546.34	4.2537E01
546.70	4.2974E01
547.06	4.4160E01
547.42	4.4389E01
547.78	4.4760E01
548.13	4.5634E01
548.49	4.5939E01
548.85	4.6426E01
549.21	4.7612E01
549.57	4.7135E01
549.93	4.8591E01
550.28	4.8892E01
550.64	4.9481E01
551.00	4.9972E01
551.36	5.0248E01
551.71	5.1169E01
552.07	5.1477E01
552.43	5.2827E01
552.79	5.3406E01
553.15	5.3642E01
553.50	5.5111E01
553.86	5.5536E01
554.22	5.5854E01
554.58	5.6857E01
554.93	5.7632E01
555.29	5.7464E01
555.65	5.8075E01
556.01	5.9107E01
556.36	6.0847E01
556.72	6.0378E01
557.08	6.1526E01
557.43	6.2480E01
557.79	6.3368E01
558.15	6.3562E01
558.50	6.4330E01
558.86	6.5598E01
559.22	6.5835E01
559.58	6.6879E01
559.93	6.7982E01
560.29	6.7902E01
560.65	6.8481E01
561.00	6.9654E01
561.36	6.9897E01
561.71	7.1100E01
562.07	7.1243E01
562.43	7.2931E01
562.78	7.3626E01
563.14	7.5006E01
563.50	7.4321E01
563.85	7.5513E01
564.21	7.5308E01
564.57	7.6537E01
564.92	7.6852E01
565.28	7.7829E01
565.63	7.9287E01
565.99	7.9186E01
566.35	7.9891E01
566.70	8.0585E01
567.06	8.1138E01
567.41	8.2221E01
567.77	8.2738E01
568.12	8.2553E01
568.48	8.3830E01
568.83	8.4320E01
569.19	8.5085E01
569.55	8.5333E01
569.90	8.6210E01
570.26	8.6674E01
570.61	8.6822E01
570.97	8.8147E01
571.32	8.8245E01
571.68	8.8835E01
572.03	8.8924E01
572.39	9.0211E01
572.74	9.0983E01
573.10	9.1424E01
573.45	9.1167E01
573.81	9.2091E01
574.16	9.2777E01
574.52	9.3005E01
574.87	9.3908E01
575.23	9.4042E01
575.58	9.4493E01
575.94	9.5019E01
576.29	9.5753E01
576.64	9.5625E01
577.00	9.6524E01
577.35	9.7123E01
577.71	9.7560E01
578.06	9.7846E01
578.42	9.8589E01
578.77	9.8853E01
579.12	9.9203E01
579.48	9.9928E01
579.83	1.0024E02
580.19	1.0024E02
580.54	1.0074E02
580.89	1.0140E02
581.25	1.0180E02
581.60	1.0199E02
581.96	1.0254E02
582.31	1.0272E02
582.66	1.0356E02
583.02	1.0376E02
583.37	1.0372E02
583.72	1.0454E02
584.08	1.0473E02
584.43	1.0502E02
584.78	1.0524E02
585.14	1.0574E02
585.49	1.0616E02
585.84	1.0680E02
586.20	1.0672E02
586.55	1.0735E02
586.90	1.0705E02
587.26	1.0743E02
587.61	1.0752E02
587.96	1.0860E02
588.32	1.0861E02
588.67	1.0874E02
589.02	1.1001E02
589.37	1.0986E02
589.73	1.1028E02
590.08	1.1014E02
590.43	1.1038E02
590.78	1.1097E02
591.14	1.1131E02
591.49	1.1097E02
591.84	1.1184E02
592.19	1.1209E02
592.55	1.1276E02
592.90	1.1285E02
593.25	1.1269E02
593.60	1.1308E02
593.96	1.1316E02
594.31	1.1361E02
594.66	1.1356E02
595.01	1.1374E02
595.36	1.1408E02
595.72	1.1466E02
596.07	1.1396E02
596.42	1.1450E02
596.77	1.1475E02
597.12	1.1548E02
597.47	1.1506E02
597.83	1.1588E02
598.18	1.1587E02
598.53	1.1536E02
598.88	1.1564E02
599.23	1.1587E02
599.58	1.1638E02
599.93	1.1656E02
600.29	1.1680E02
600.64	1.1660E02
600.99	1.1653E02
601.34	1.1683E02
601.69	1.1656E02
602.04	1.1685E02
602.39	1.1746E02
602.74	1.1671E02
603.09	1.1707E02
603.44	1.1746E02
603.80	1.1723E02
604.15	1.1739E02
604.50	1.1762E02
604.85	1.1751E02
605.20	1.1781E02
605.55	1.1839E02
605.90	1.1759E02
606.25	1.1816E02
606.60	1.1801E02
606.95	1.1757E02
607.30	1.1817E02
607.65	1.1849E02
608.00	1.1797E02
608.35	1.1836E02
608.70	1.1877E02
609.05	1.1840E02
609.40	1.1847E02
609.75	1.1860E02
610.10	1.1903E02
610.45	1.1884E02
610.80	1.1899E02
611.15	1.1889E02
611.50	1.1889E02
611.85	1.1861E02
612.20	1.1877E02
612.55	1.1915E02
612.90	1.1928E02
613.25	1.1899E02
613.60	1.1867E02
613.95	1.1922E02
614.30	1.1918E02
614.64	1.1881E02
614.99	1.1911E02
615.34	1.1939E02
615.69	1.1959E02
616.04	1.1950E02
616.39	1.1927E02
616.74	1.1969E02
617.09	1.1885E02
617.44	1.1979E02
617.79	1.1912E02
618.13	1.1966E02
618.48	1.1897E02
618.83	1.1910E02
619.18	1.1877E02
619.53	1.1839E02
619.88	1.1965E02
620.23	1.1844E02
620.57	1.1854E02
620.92	1.1843E02
621.27	1.1879E02
621.62	1.1847E02
621.97	1.1851E02
622.32	1.1856E02
622.66	1.1843E02
623.01	1.1815E02
623.36	1.1801E02
623.71	1.1806E02
624.06	1.1705E02
624.40	1.1778E02
624.75	1.1659E02
625.10	1.1725E02
625.45	1.1628E02
625.80	1.1696E02
626.14	1.1688E02
626.49	1.1567E02
626.84	1.1654E02
627.19	1.1585E02
627.53	1.1601E02
627.88	1.1433E02
628.23	1.1647E02
628.57	1.1521E02
628.92	1.1483E02
629.27	1.1433E02
629.62	1.1415E02
629.96	1.1297E02
630.31	1.1307E02
630.66	1.1303E02
631.00	1.1150E02
631.35	1.1173E02
631.70	1.1188E02
632.05	1.1010E02
632.39	1.1086E02
632.74	1.1058E02
633.09	1.1013E02
633.43	1.0944E02
633.78	1.0925E02
634.12	1.0846E02
634.47	1.0897E02
634.82	1.0792E02
635.16	1.0718E02
635.51	1.0754E02
635.86	1.0612E02
636.20	1.0581E02
636.55	1.0429E02
636.90	1.0557E02
637.24	1.0379E02
637.59	1.0392E02
637.93	1.0277E02
638.28	1.0334E02
638.63	1.0166E02
638.97	1.0215E02
639.32	1.0093E02
639.66	9.9700E01
640.01	1.0089E02
640.35	9.9900E01
640.70	9.9887E01
641.04	9.9210E01
641.39	9.7612E01
641.74	9.7261E01
642.08	9.7178E01
642.43	9.6551E01
642.77	9.5945E01
643.12	9.3888E01
643.46	9.4557E01
643.81	9.3471E01
644.15	9.3713E01
644.50	9.2762E01
644.84	9.2996E01
645.19	9.0753E01
645.53	9.1196E01
645.88	9.0080E01
646.22	9.0005E01
646.57	8.9810E01
646.91	8.9319E01
647.26	8.8145E01
647.60	8.7858E01
647.94	8.8306E01
648.29	8.6113E01
648.63	8.5257E01
648.98	8.5927E01
649.32	8.5318E01
649.67	8.5519E01
650.01	8.4417E01
650.36	8.3062E01
650.70	8.2315E01
651.04	8.3085E01
651.39	8.1990E01
651.73	8.1024E01
652.08	8.1697E01
652.42	8.0680E01
652.76	7.9391E01
653.11	7.8738E01
653.45	7.8246E01
653.79	7.8772E01
654.14	7.8067E01
654.48	7.7329E01
654.83	7.5628E01
655.17	7.6640E01
655.51	7.5005E01
655.86	7.5054E01
656.20	7.4734E01
656.54	7.3984E01
656.89	7.3427E01
657.23	7.2461E01
657.57	7.1952E01
657.91	7.1610E01
658.26	7.1502E01
658.60	7.0290E01
658.94	7.0561E01
659.29	6.9293E01
659.63	6.9249E01
659.97	6.8800E01
660.32	6.8257E01
660.66	6.9192E01
661.00	6.7309E01
661.34	6.5904E01
661.69	6.5437E01
662.03	6.5000E01
662.37	6.5788E01
662.71	6.4663E01
663.06	6.4273E01
663.40	6.3386E01
663.74	6.4244E01
664.08	6.2224E01
664.42	6.3212E01
664.77	6.0902E01
665.11	6.1608E01
665.45	6.0876E01
665.79	6.0397E01
666.13	5.9322E01
666.48	5.9876E01
666.82	5.8355E01
667.16	5.8104E01
667.50	5.8486E01
667.84	5.7166E01
668.18	5.6897E01
668.53	5.7728E01
668.87	5.6754E01
669.21	5.6808E01
669.55	5.5032E01
669.89	5.3777E01
670.23	5.4768E01
670.57	5.3974E01
670.92	5.3327E01
671.26	5.3448E01
671.60	5.2202E01
671.94	5.1377E01
672.28	5.2220E01
672.62	5.0986E01
672.96	5.1362E01
673.30	5.0560E01
673.64	5.0553E01
673.98	4.8394E01
674.33	4.9667E01
674.67	4.8949E01
675.01	4.8624E01
675.35	4.8010E01
675.69	4.8702E01
676.03	4.7116E01
676.37	4.6642E01
676.71	4.6214E01
677.05	4.6486E01
677.39	4.6286E01
677.73	4.5599E01
678.07	4.4982E01
678.41	4.5331E01
678.75	4.4268E01
679.09	4.3060E01
679.43	4.3613E01
679.77	4.3480E01
680.11	4.3183E01
680.45	4.3300E01
680.79	4.1751E01
681.13	4.1854E01
681.47	4.1260E01
681.81	4.0818E01
682.15	4.0700E01
682.49	4.1119E01
682.83	4.0143E01
683.17	3.9453E01
683.51	3.8734E01
683.84	3.8202E01
684.18	3.8469E01
684.52	3.8480E01
684.86	3.7288E01
685.20	3.7449E01
685.54	3.7016E01
685.88	3.7453E01
686.22	3.6032E01
686.56	3.6092E01
686.90	3.6746E01
687.24	3.5523E01
687.57	3.5970E01
687.91	3.4984E01
688.25	3.4646E01
688.59	3.4382E01
688.93	3.3853E01
689.27	3.4116E01
689.61	3.2914E01
689.94	3.3312E01
690.28	3.3306E01
690.62	3.3299E01
690.96	3.2717E01
691.30	3.2532E01
691.64	3.1812E01
691.97	3.1669E01
692.31	3.1767E01
692.65	3.0741E01
692.99	3.0584E01
693.33	3.0306E01
693.66	2.9685E01
694.00	3.0222E01
694.34	2.9953E01
694.68	3.0158E01
695.01	2.9753E01
695.35	2.9907E01
695.69	2.9119E01
696.03	2.8238E01
696.36	2.7946E01
696.70	2.8374E01
697.04	2.8270E01
697.38	2.7846E01
697.71	2.6340E01
698.05	2.7704E01
698.39	2.6454E01
698.72	2.6755E01
699.06	2.6110E01
699.40	2.5800E01
699.74	2.5611E01
700.07	2.5431E01
700.41	2.4431E01
700.75	2.5170E01
701.08	2.4985E01
701.42	2.4375E01
701.76	2.4513E01
702.09	2.4172E01
702.43	2.4276E01
702.77	2.4367E01
703.10	2.3902E01
703.44	2.3377E01
703.77	2.3419E01
704.11	2.2759E01
704.45	2.2413E01
704.78	2.2505E01
705.12	2.1848E01
705.46	2.2690E01
705.79	2.1825E01
706.13	2.1422E01
706.46	2.1725E01
706.80	2.1425E01
707.14	2.1214E01
707.47	2.0919E01
707.81	2.0849E01
708.14	2.0915E01
708.48	2.0222E01
708.81	2.0586E01
709.15	1.9606E01
709.48	2.0117E01
709.82	2.0288E01
710.16	1.9704E01
710.49	1.9057E01
710.83	1.8883E01
711.16	1.8733E01
711.50	1.8679E01
711.83	1.8314E01
712.17	1.8279E01
712.50	1.7891E01
712.84	1.7783E01
713.17	1.7916E01
713.51	1.7018E01
713.84	1.7125E01
714.18	1.6830E01
714.51	1.6723E01
714.85	1.7449E01
715.18	1.6339E01
715.51	1.6458E01
715.85	1.6174E01
716.18	1.6453E01
716.52	1.6659E01
716.85	1.5627E01
717.19	1.5148E01
717.52	1.5076E01
717.86	1.5135E01
718.19	1.4832E01
718.52	1.5650E01
718.86	1.5087E01
719.19	1.5566E01
719.53	1.4287E01
719.86	1.4152E01
720.19	1.4294E01
720.53	1.3740E01
720.86	1.3855E01
721.19	1.4366E01
721.53	1.4126E01
721.86	1.3393E01
722.20	1.3993E01
722.53	1.3585E01
722.86	1.3734E01
723.20	1.3314E01
723.53	1.3449E01
723.86	1.2869E01
724.20	1.2119E01
724.53	1.3337E01
724.86	1.2431E01
725.19	1.2966E01
725.53	1.2244E01
725.86	1.2161E01
726.19	1.1517E01
726.53	1.1685E01
726.86	1.1643E01
727.19	1.1325E01
727.53	1.1904E01
727.86	1.1363E01
728.19	1.1956E01
728.52	1.1471E01
728.86	1.1512E01
729.19	1.1281E01
729.52	1.0473E01
729.85	1.0505E01
730.19	1.0493E01
730.52	1.0340E01
730.85	1.0530E01
731.18	1.0801E01
731.51	1.0515E01
731.85	1.0529E01
732.18	9.8899E00
732.51	1.0239E01
732.84	1.0087E01
733.17	9.6709E00
733.51	9.5938E00
733.84	1.0159E01
734.17	9.6671E00
734.50	9.5921E00
734.83	9.3880E00
735.16	8.9625E00
735.50	8.7436E00
735.83	9.2665E00
736.16	9.1467E00
736.49	8.9221E00
736.82	9.2271E00
737.15	8.3191E00
737.48	8.2352E00
737.81	8.3461E00
738.15	8.9684E00
738.48	8.6788E00
738.81	7.7445E00
739.14	8.4028E00
739.47	8.3048E00
739.80	7.6124E00
740.13	7.6239E00
740.46	8.0292E00
740.79	7.6246E00
741.12	7.7010E00
741.45	6.8127E00
741.78	7.1242E00
742.11	7.0755E00
742.44	7.2701E00
742.78	6.7392E00
743.11	6.7996E00
743.44	6.6950E00
743.77	6.9408E00
744.10	6.7973E00
744.43	6.7194E00
744.76	7.2311E00
745.09	6.4203E00
745.42	6.7970E00
745.75	6.7734E00
746.08	6.5715E00
746.41	5.9742E00
746.74	5.6688E00
747.07	6.4309E00
747.40	6.1560E00
747.72	6.5374E00
748.05	6.3184E00
748.38	5.4013E00
748.71	5.2357E00
749.04	5.9791E00
749.37	5.5530E00
749.70	5.8130E00
750.03	5.9172E00
750.36	5.2132E00
750.69	5.4599E00
751.02	5.0126E00
751.35	5.4513E00
751.68	5.1899E00
752.00	4.7661E00
752.33	5.1775E00
752.66	5.1933E00
752.99	5.2691E00
753.32	4.3361E00
753.65	4.6032E00
753.98	4.0046E00
754.31	4.6175E00
754.63	4.7685E00
754.96	4.4663E00
755.29	3.7992E00
755.62	4.2060E00
755.95	4.3865E00
756.28	4.0026E00
756.60	4.0455E00
756.93	3.9806E00
757.26	3.8232E00
757.59	4.2072E00
757.92	3.7225E00
758.24	4.0909E00
758.57	3.5905E00
758.90	3.7273E00
759.23	3.3302E00
759.56	3.7666E00
759.88	3.5110E00
760.21	3.2049E00
760.54	3.0233E00
760.87	3.8638E00
761.19	2.8191E00
761.52	3.4717E00
761.85	2.7737E00
762.18	3.1055E00
762.50	3.1475E00
762.83	3.5974E00
763.16	2.8408E00
763.49	3.1116E00
763.81	3.1704E00
764.14	2.9347E00
764.47	3.3573E00
764.79	3.0194E00
765.12	3.0624E00
765.45	3.0879E00
765.77	2.1768E00
766.10	2.1834E00
766.43	2.2581E00
766.75	1.8937E00
767.08	2.7994E00
767.41	2.8251E00
767.73	2.5269E00
768.06	2.6199E00
768.39	3.1115E00
768.71	2.1902E00
769.04	2.9065E00
769.36	2.2905E00
769.69	1.5328E00
770.02	1.7479E00
770.34	1.7356E00
770.67	2.0757E00
770.99	2.6491E00
771.32	2.2854E00
771.65	1.6183E00
771.97	2.0871E00
772.30	1.0742E00
772.62	1.9769E00
772.95	1.8221E00
773.27	2.4429E00
773.60	1.1806E00
773.93	1.0577E00
774.25	2.1405E00
774.58	1.8541E00
774.90	1.7510E00
775.23	1.6463E00
775.55	1.3927E00
775.88	2.0321E00
776.20	1.2542E00
776.53	6.9568E-01
776.85	1.3980E00
777.18	1.4608E00
777.50	7.4287E-01
777.83	1.1863E00
778.15	1.3842E00
778.48	1.4094E00
778.80	8.1485E-01
779.13	6.2352E-01
779.45	1.1158E00
779.78	9.6299E-01
780.10	1.3607E00
780.42	7.5208E-01
780.75	3.7737E-01
781.07	1.0763E00
781.40	1.7589E00
781.72	7.4152E-01
782.05	1.1853E00
782.37	6.0402E-01
782.69	1.0083E-01
783.02	5.8532E-01
783.34	8.2850E-01
783.67	9.7120E-01
783.99	6.0729E-01
784.31	1.1944E00
784.64	3.0379E-01
784.96	4.0514E-01
785.28	-2.8352E-01
785.61	-2.0241E-02
785.93	-1.2132E-01
786.25	6.6676E-01
786.58	-5.8560E-01
786.90	7.6649E-01
787.22	-5.6416E-01
787.55	5.8337E-01
787.87	-7.6343E-01
788.19	0.0000E00
788.52	4.4022E-01
788.84	6.3920E-01
789.16	-1.9942E-01
789.49	-5.5738E-01
789.81	-2.7813E-01
790.13	-6.1482E-01
790.46	-4.1579E-01
790.78	2.7669E-01
791.10	3.5532E-01
791.42	9.8515E-02
791.75	3.9369E-02
792.07	-4.9173E-01
792.39	6.2874E-01
792.71	-1.5700E-01
793.04	3.9215E-02
793.36	-8.4277E-01
793.68	-9.2013E-01
794.00	-3.1311E-01
794.32	1.0172E00
794.65	0.0000E00
794.97	3.9128E-02
795.29	-1.0561E00
795.61	-3.3249E-01
795.93	-7.8212E-02
796.26	3.1299E-01
796.58	1.9580E-02
796.90	7.0541E-01
797.22	2.9430E-01
797.54	1.5712E-01
797.87	4.5224E-01
798.19	-1.5751E-01
798.51	-2.9557E-01
798.83	-6.7121E-01
799.15	-7.1170E-01
799.47	-5.3474E-01
799.79	-9.9225E-02
800.12	-1.2320E00
800.44	-5.7736E-01
800.76	-3.3910E-01
801.08	-4.7971E-01
801.40	-7.6126E-01
801.72	-1.8874E00
802.04	-6.0402E-01
802.36	-1.0297E00
802.68	-1.3972E00
803.00	-1.1571E00
803.32	-1.0787E00
803.65	-8.3706E-01
803.97	-9.6215E-01
804.29	-1.3755E00
804.61	-1.1120E00
804.93	-1.0325E00
805.25	-8.9059E-01
805.57	-8.3107E-02
805.89	-1.8122E00
806.21	-1.0445E00
806.53	-1.1117E00
806.85	-1.0316E00
807.17	-1.4364E00
807.49	-6.1494E-01
807.81	-6.1726E-01
808.13	-1.2172E00
808.45	-1.5648E00
808.77	-6.8885E-01
809.09	-1.3179E00
809.41	-7.5913E-01
809.73	-1.2633E00
810.05	-1.3549E00
810.37	-7.2390E-01
810.69	-1.2332E00
811.01	-7.0742E-01
811.33	-1.1758E00
811.64	-1.2031E00
811.96	-1.8783E00
812.28	-9.4262E-01
812.60	-8.5620E-01
812.92	-1.2668E00
813.24	-1.3623E00
813.56	-1.5729E00
813.88	-1.5790E00
814.20	-2.1137E00
814.52	-1.2911E00
814.83	-1.3894E00
815.15	-2.8130E00
815.47	-6.3029E-01
815.79	-1.5224E00
816.11	-5.1746E-01
816.43	-1.8419E00
816.75	-2.0151E00
817.06	-1.5000E00
817.38	-1.8883E00
817.70	-2.1114E00
818.02	-2.6027E00
818.34	-1.2339E00
818.66	-2.7213E00
818.97	-9.5172E-01
819.29	-1.6426E00
819.61	-2.4363E00
819.93	-1.9023E00
820.25	-2.7780E00
820.56	-1.1703E00
820.88	-1.7494E00
821.20	-9.7928E-01
821.52	-2.2940E00
821.84	-1.1389E00
822.15	-2.0836E00
822.47	-1.8617E00
822.79	-2.1767E00
823.11	-2.0563E00
823.42	-2.7366E00
823.74	-2.3838E00
824.06	-3.0171E00
824.37	-1.9588E00
824.69	-2.0183E00
825.01	-2.5253E00
825.33	-3.0634E00
825.64	-3.4459E00
825.96	-1.3303E00
826.28	-2.0551E00
826.59	-3.0008E00
826.91	-3.5214E00
827.23	-2.2937E00
827.54	-3.6281E00
827.86	-3.1796E00
828.18	-2.9997E00
828.49	-2.0800E00
828.81	-3.1848E00
829.13	-2.9742E00
829.44	-1.6032E00
829.76	-1.7484E00
830.08	-3.0083E00
830.39	-2.9635E00
830.71	-1.8512E00
831.02	-3.7175E00
831.34	-2.4306E00
831.66	-2.2690E00
831.97	-2.2783E00
832.29	-3.2600E00
832.60	-2.0100E00
832.92	-1.5854E00
833.23	-1.0993E00
833.55	-3.3392E00
833.87	-2.3902E00
834.18	-2.6634E00
834.50	-2.4958E00
834.81	-2.2106E00
835.13	-2.7511E00
835.44	-3.0266E00
835.76	-3.6915E00
836.07	-3.1960E00
836.39	-2.7568E00
836.70	-1.8640E00
837.02	-2.5029E00
837.33	-1.6648E00
837.65	-3.7059E00
837.96	-2.7747E00
838.28	-3.8556E00
838.59	-2.9483E00
838.91	-3.4209E00
839.22	-3.8327E00
839.54	-2.9448E00
839.85	-2.5177E00
840.17	-1.8075E00
840.48	-2.4677E00
840.80	-3.2534E00
841.11	-4.1071E00
841.43	-3.6739E00
841.74	-2.9867E00
842.05	-3.4952E00
842.37	-2.5250E00
842.68	-3.3870E00
843.00	-3.2086E00
843.31	-3.6033E00
843.62	-2.1448E00
843.94	-3.5387E00
844.25	-3.3285E00
844.57	-2.8235E00
844.88	-2.8711E00
845.19	-2.6237E00
845.51	-4.4504E00
845.82	-2.9793E00
846.13	-3.8221E00
846.45	-3.8376E00
846.76	-3.3157E00
847.07	-4.9424E00
847.39	-2.8007E00
847.70	-3.5906E00
848.01	-2.7902E00
848.33	-4.5766E00
848.64	-2.7082E00
848.95	-2.6833E00
849.27	-3.2810E00
849.58	-4.6816E00
849.89	-2.3329E00
850.21	-2.8316E00
850.52	-4.0005E00
850.83	-3.9797E00
851.14	-4.1003E00
851.46	-4.4326E00
851.77	-4.9122E00
852.08	-5.8949E00
852.39	-2.9423E00
852.71	-4.3577E00
853.02	-5.0597E00
853.33	-4.2761E00
853.64	-4.7991E00
853.96	-3.6852E00
854.27	-3.1502E00
854.58	-3.4567E00
854.89	-3.8374E00
855.20	-4.1105E00
855.52	-3.4553E00
855.83	-2.9441E00
856.14	-4.2644E00
856.45	-3.0040E00
856.76	-4.3356E00
857.07	-4.4665E00
857.39	-3.4955E00
857.70	-4.4208E00
858.01	-4.7032E00
858.32	-4.7982E00
858.63	-3.3903E00
858.94	-4.5627E00
859.25	-6.2131E00
859.57	-5.3024E00
859.88	-3.4451E00
860.19	-4.0074E00
860.50	-5.7207E00
860.81	-3.8420E00
861.12	-4.8521E00
861.43	-5.3115E00
861.74	-4.6105E00
862.05	-5.0715E00
862.36	-3.2740E00
862.67	-3.9368E00
862.99	-5.0898E00
863.30	-4.9864E00
863.61	-5.2968E00
863.92	-5.3586E00
864.23	-6.2912E00
864.54	-3.6178E00
864.85	-5.2615E00
865.16	-5.2833E00
865.47	-4.8842E00
865.78	-7.0613E00
866.09	-5.3915E00
866.40	-5.0328E00
866.71	-4.6247E00
867.02	-4.4737E00
867.33	-5.8326E00
867.64	-3.4700E00
867.95	-2.0038E00
868.26	-3.1075E00
868.57	-4.5298E00
868.88	-6.2753E00
869.19	-4.3077E00
869.50	-4.5050E00
869.81	-5.8269E00
870.12	-5.0919E00
870.42	-5.1159E00
870.73	-4.5496E00
871.04	-5.2614E00
871.35	-4.5058E00
871.66	-5.2200E00
871.97	-7.1516E00
872.28	-5.1793E00
872.59	-4.2695E00
872.90	-7.8822E00
873.21	-4.5086E00
873.52	-5.9628E00
873.82	-6.1869E00
874.13	-4.6797E00
874.44	-4.1221E00
874.75	-6.5818E00
875.06	-6.6691E00
875.37	-5.4212E00
875.68	-4.0649E00
875.98	-5.8311E00
876.29	-4.4558E00
876.60	-7.9508E00
876.91	-3.8452E00
877.22	-5.3408E00
877.52	-7.8712E00
877.83	-5.4458E00
878.14	-6.5108E00
878.45	-5.9760E00
878.76	-4.8598E00
879.06	-4.1504E00
879.37	-8.1317E00
879.68	-7.4887E00
879.99	-6.4082E00
880.30	-5.0453E00
880.60	-8.8492E00
880.91	-5.9640E00
881.22	-8.1776E00
881.53	-6.2443E00
881.83	-5.3918E00
882.14	-8.4027E00
882.45	-5.4986E00
882.75	-6.3588E00
883.06	-9.4676E00
883.37	-6.3538E00
883.68	-7.1733E00
883.98	-6.9175E00
884.29	-4.5546E00
884.60	-6.3405E00
884.90	-7.1635E00
885.21	-6.4385E00
885.52	-5.7648E00
885.82	-7.5101E00
886.13	-5.1020E00
886.44	-3.0210E00
886.74	-5.6486E00
887.05	-8.9293E00
887.36	-5.2616E00
887.66	-7.9654E00
887.97	-5.2234E00
888.27	-7.6458E00
888.58	-8.2494E00
888.89	-8.4995E00
889.19	-5.8578E00
889.50	-8.2316E00
889.80	-6.6436E00
890.11	-5.7641E00
890.42	-7.9130E00
890.72	-7.1525E00
891.03	-8.3580E00
891.33	-8.0118E00
891.64	-7.5429E00
891.94	-6.6538E00
892.25	-6.3633E00
892.56	-5.8859E00
892.86	-5.7140E00
893.17	-8.1325E00
893.47	-8.9864E00
893.78	-6.5201E00
894.08	-6.2207E00
894.39	-7.2537E00
894.69	-6.9552E00
895.00	-7.8693E00
895.30	-7.5106E00
895.61	-7.6978E00
895.91	-7.2813E00
896.22	-7.8290E00
896.52	-7.1042E00
896.83	-6.4397E00
897.13	-9.2378E00
897.43	-4.8044E00
897.74	-5.1730E00
898.04	-5.4195E00
898.35	-6.2742E00
898.65	-7.1305E00
898.96	-7.3754E00
899.26	-7.4404E00
899.57	-7.3860E00
899.87	-7.7564E00
900.17	-6.9041E00
900.48	-6.9696E00
900.78	-7.2174E00
901.09	-7.5880E00
901.39	-7.5350E00
901.69	-5.8232E00
902.00	-7.4216E00
902.30	-8.6608E00
902.60	-8.8559E00
902.91	-9.2408E00
903.21	-6.4175E00
903.51	-9.7071E00
903.82	-5.5773E00
904.12	-5.7792E00
904.42	-7.5405E00
904.73	-6.3728E00
905.03	-9.7732E00
905.33	-7.6661E00
905.64	-5.9841E00
905.94	-8.3348E00
906.24	-9.1757E00
906.55	-7.2361E00
906.85	-7.7649E00
907.15	-8.4859E00
907.45	-8.0595E00
907.76	-9.4225E00
908.06	-6.8100E00
908.36	-7.2169E00
908.66	-8.1480E00
908.97	-9.0133E00
909.27	-7.3505E00
909.57	-6.7191E00
909.87	-5.2954E00
910.18	-8.2018E00
910.48	-8.7569E00
910.78	-6.8083E00
911.08	-1.0947E01
911.39	-9.5257E00
911.69	-8.8910E00
911.99	-1.0604E01
912.29	-1.0723E01
912.59	-1.0028E01
912.89	-8.9869E00
913.20	-9.3103E00
913.50	-8.6002E00
913.80	-9.0601E00
914.10	-1.1612E01
914.40	-1.1672E01
914.70	-1.0330E01
915.01	-9.6846E00
915.31	-9.0978E00
915.61	-9.2172E00
915.91	-8.6961E00
916.21	-1.0125E01
916.51	-1.0476E01
916.81	-7.6102E00
917.11	-9.0541E00
917.41	-8.8078E00
917.72	-9.6119E00
918.02	-9.2914E00
918.32	-9.7170E00
918.62	-1.0227E01
918.92	-9.9050E00
919.22	-6.7425E00
919.52	-1.4485E01
919.82	-1.1932E01
920.12	-1.0366E01
920.42	-8.3932E00
920.72	-1.1370E01
921.02	-1.0248E01
921.32	-1.0082E01
921.62	-1.1042E01
921.92	-1.2337E01
922.22	-1.2839E01
922.52	-8.4830E00
922.82	-1.1946E01
923.12	-1.2203E01
923.42	-9.5900E00
923.72	-9.7407E00
924.02	-1.0996E01
924.32	-1.3218E01
924.62	-7.9542E00
924.92	-1.0539E01
925.22	-1.2199E01
925.52	-9.9045E00
925.82	-1.4175E01
926.12	-8.2665E00
926.42	-1.1414E01
926.72	-7.1280E00
927.02	-1.2992E01
927.31	-1.3942E01
927.61	-1.2372E01
927.91	-1.4163E01
928.21	-1.3701E01
928.51	-1.7147E01
928.81	-8.0074E00
929.11	-1.3121E01
929.41	-1.4296E01
929.71	-1.3914E01
930.00	-1.2542E01
930.30	-9.3303E00
930.60	-1.1934E01
930.90	-1.3975E01
931.20	-1.4314E01
931.50	-1.4666E01
931.79	-1.3770E01
932.09	-1.6049E01
932.39	-1.3538E01
932.69	-1.3034E01
932.99	-1.5041E01
933.29	-1.4096E01
933.58	-1.5613E01
933.88	-1.1940E01
934.18	-1.5422E01
934.48	-1.9803E01
934.77	-1.4254E01
935.07	-1.4197E01
935.37	-1.9090E01
935.67	-1.2862E01
935.97	-1.4167E01
936.26	-1.4128E01
936.56	-1.9968E01
936.86	-1.4557E01
937.15	-1.7028E01
937.45	-1.1136E01
937.75	-1.2824E01
938.05	-2.2781E01
938.34	-1.8257E01
938.64	-2.0031E01
938.94	-1.5408E01
939.23	-1.7044E01
939.53	-1.5676E01
939.83	-1.3802E01
940.12	-2.0536E01
940.42	-2.6403E01
940.72	-2.1633E01
941.01	-1.8519E01
941.31	-2.1912E01
941.61	-1.8974E01
941.90	-1.5422E01
942.20	-2.4214E01
942.50	-2.2944E01
942.79	-1.9427E01
943.09	-1.4853E01
943.38	-1.9363E01
943.68	-2.4715E01
943.98	-2.6734E01
944.27	-2.1582E01
944.57	-2.0417E01
944.86	-2.8329E01
945.16	-2.7755E01
945.46	-2.2705E01
945.75	-2.4858E01
946.05	-2.9889E01
946.34	-3.0046E01
946.64	-2.7927E01
946.93	-1.9377E01
947.23	-2.7920E01
947.52	-2.7377E01
947.82	-2.4341E01
948.12	-2.1709E01
948.41	-2.4514E01
948.71	-2.4787E01
949.00	-2.7610E01
949.30	-2.8747E01
949.59	-2.6880E01
949.89	-2.5218E01
950.18	-2.9734E01
950.48	-1.8709E01
950.77	-2.4050E01
951.06	-2.5355E01
951.36	-3.3238E01
951.65	-2.1286E01
951.95	-2.5335E01
952.24	-3.6618E01
952.54	-2.4484E01
952.83	-2.3425E01
953.13	-2.2159E01
953.42	-2.1529E01
953.71	-2.4972E01
954.01	-2.9925E01
954.30	-2.6742E01
954.60	-2.7431E01
954.89	-3.1797E01
955.18	-2.4973E01
955.48	-2.7610E01
955.77	-2.7459E01
956.07	-3.2085E01
956.36	-2.9136E01
956.65	-2.3336E01
956.95	-2.5149E01
957.24	-2.0827E01
957.53	-3.0538E01
957.83	-2.7551E01
958.12	-3.2901E01
958.41	-2.4134E01
958.71	-1.9084E01
959.00	-2.3131E01
959.29	-1.9169E01
959.59	-3.1958E01
959.88	-3.9441E01
960.17	-2.7852E01
960.46	-2.7704E01
960.76	-2.8243E01
961.05	-2.6711E01
961.34	-2.9551E01
961.64	-3.6495E01
961.93	-3.4792E01
962.22	-3.0301E01
962.51	-1.9360E01
962.81	-3.7006E01
963.10	-2.4378E01
963.39	-2.1454E01
963.68	-1.8950E01
963.97	-3.0041E01
964.27	-3.4652E01
964.56	-3.0052E01
964.85	-3.3976E01
965.14	-3.2904E01
965.43	-3.0189E01
965.73	-3.5162E01
966.02	-3.6281E01
966.31	-2.2841E01
966.60	-2.2700E01
966.89	-2.5043E01
967.19	-2.9120E01
967.48	-4.0434E01
967.77	-3.3163E01
968.06	-2.9074E01
968.35	-3.3041E01
968.64	-2.2554E01
968.93	-3.4874E01
969.22	-2.7645E01
969.52	-3.5757E01
969.81	-2.1485E01
970.10	-4.4265E01
970.39	-3.6702E01
970.68	-4.0366E01
970.97	-3.5808E01
971.26	-3.2553E01
971.55	-3.9989E01
971.84	-3.6191E01
972.13	-3.2370E01
972.42	-3.9153E01
972.71	-4.0803E01
973.01	-3.5205E01
973.30	-4.2655E01
973.59	-2.4970E01
973.88	-3.3907E01
974.17	-1.9630E01
974.46	-4.2090E01
974.75	-3.8684E01
975.04	-4.4756E01
975.33	-4.4739E01
975.62	-4.4979E01
975.91	-3.8728E01
976.20	-3.8977E01
976.49	-3.7717E01
976.78	-3.3388E01
977.07	-3.6578E01
977.36	-4.1088E01
977.64	-3.4343E01
977.93	-3.1430E01
978.22	-3.3790E01
978.51	-3.6833E01
978.80	-3.9649E01
979.09	-5.1694E01
979.38	-3.3566E01
979.67	-4.4145E01
979.96	-4.1956E01
980.25	-3.0480E01
980.54	-3.7952E01
980.83	-4.5190E01
981.12	-3.3831E01
981.40	-5.0729E01
981.69	-2.8967E01
981.98	-4.4999E01
982.27	-5.0560E01
982.56	-5.2679E01
982.85	-4.5347E01
983.14	-3.5735E01
983.42	-4.2078E01
983.71	-4.3477E01
984.00	-4.6361E01
984.29	-5.5453E01
984.58	-5.9070E01
984.87	-5.6931E01
985.15	-4.4699E01
985.44	-5.3659E01
985.73	-5.4860E01
986.02	-4.3463E01
986.31	-3.3464E01
986.59	-5.3180E01
986.88	-4.5809E01
987.17	-5.5243E01
987.46	-6.3601E01
987.74	-6.1418E01
988.03	-6.5524E01
988.32	-7.3360E01
988.61	-5.7535E01
988.89	-5.1330E01
989.18	-3.5430E01
989.47	-4.4982E01
989.76	-4.5724E01
990.04	-5.2465E01
990.33	-5.5885E01
990.62	-5.7648E01
990.90	-4.5900E01
991.19	-7.1920E01
991.48	-4.8457E01
991.76	-5.6021E01
992.05	-6.0554E01
992.34	-4.7964E01
992.62	-7.4097E01
992.91	-4.5017E01
993.20	-4.9192E01
993.48	-7.0395E01
993.77	-5.0539E01
994.06	-6.4865E01
994.34	-6.8788E01
994.63	-7.1863E01
994.92	-6.0609E01
995.20	-5.6745E01
995.49	-6.5217E01
995.77	-6.9382E01
996.06	-6.5462E01
996.35	-6.3926E01
996.63	-4.6840E01
996.92	-8.1908E01
997.20	-5.9891E01
997.49	-6.6313E01
997.77	-8.6365E01
998.06	-6.6478E01
998.34	-5.1628E01
998.63	-8.6955E01
998.92	-6.9871E01
999.20	-7.4905E01
999.49	-8.2996E01
999.77	-7.6851E01
1000.06	-1.0146E02
1000.34	-7.1309E01
1000.63	-8.1421E01
1000.91	-7.4493E01
1001.20	-9.0906E01
1001.48	-7.8429E01
1001.77	-7.8639E01
1002.05	-7.1329E01
1002.34	-8.8388E01
1002.62	-8.7903E01
1002.90	-6.6436E01
1003.19	-1.1146E02
1003.47	-8.7198E01
1003.76	-6.3767E01
1004.04	-8.5689E01
1004.33	-1.0787E02
1004.61	-6.6316E01
1004.89	-8.5458E01
1005.18	-7.8022E01
1005.46	-1.0591E02
1005.75	-1.0281E02
1006.03	-1.1233E02
1006.31	-1.1915E02
1006.60	-1.0711E02
1006.88	-8.4074E01
1007.17	-8.1827E01
1007.45	-1.0435E02
1007.73	-8.1336E01
1008.02	-1.1020E02
1008.30	-1.1725E02
1008.58	-1.1002E02
1008.87	-7.2803E01
1009.15	-1.1453E02
1009.43	-1.0209E02
1009.72	-5.9783E01
1010.00	-1.0196E02
1010.28	-1.2803E02
1010.57	-6.6708E01
1010.85	-1.4305E02
1011.13	-1.3351E02
1011.41	-1.2127E02
1011.70	-1.0172E02
1011.98	-1.0624E02
1012.26	-1.1358E02
1012.55	-8.7122E01
1012.83	-1.1154E02
1013.11	-9.3507E01
1013.39	-1.1374E02
1013.68	-1.4028E02
1013.96	-1.3056E02
1014.24	-1.1191E02
1014.52	-1.5644E02
1014.80	-1.3466E02
1015.09	-1.1653E02
1015.37	-9.6971E01
1015.65	-1.5550E02
1015.93	-1.5255E02
1016.21	-1.1094E02
1016.50	-1.3323E02
1016.78	-1.0821E02
1017.06	-1.2336E02
1017.34	-1.3362E02
1017.62	-1.6416E02
1017.90	-1.4950E02
1018.19	-1.1271E02
1018.47	-1.6895E02
1018.75	-1.3970E02
1019.03	-1.4353E02
1019.31	-1.5560E02
1019.59	-1.7539E02
1019.87	-1.6655E02
1020.15	-1.4511E02
1020.44	-1.4413E02
1020.72	-1.7670E02
1021.00	-9.8121E01
1021.28	-1.6814E02
1021.56	-1.5050E02
1021.84	-1.9138E02
1022.12	-1.5789E02
1022.40	-2.1026E02
1022.68	-1.5197E02
1022.96	-1.5866E02
1023.24	-2.1538E02
1023.52	-1.8678E02
1023.80	-1.8688E02
1024.08	-1.8688E02

