339.47	-0.0000E00
339.85	-0.0000E00
340.24	-0.0000E00
340.62	-0.0000E00
341.01	-0.0000E00
341.39	-0.0000E00
341.77	-0.0000E00
342.16	-0.0000E00
342.54	-0.0000E00
342.92	-0.0000E00
343.31	-0.0000E00
343.69	-0.0000E00
344.07	-0.0000E00
344.46	-0.0000E00
344.84	-0.0000E00
345.22	-0.0000E00
345.61	-0.0000E00
345.99	-0.0000E00
346.37	-0.0000E00
346.76	-0.0000E00
347.14	-0.0000E00
347.52	-0.0000E00
347.91	-0.0000E00
348.29	-0.0000E00
348.67	-5.2426E00
349.05	-4.0643E00
349.44	-4.8447E00
349.82	-4.4489E00
350.20	-3.5755E00
350.59	-2.7340E00
350.97	-4.0294E00
351.35	-3.3826E00
351.73	-3.2182E00
352.12	-2.6947E00
352.50	-3.8859E00
352.88	-2.1783E00
353.26	-2.2399E00
353.65	-2.7486E00
354.03	-2.8889E00
354.41	-3.5000E00
354.79	-1.8656E00
355.17	-3.6910E00
355.56	-3.0158E00
355.94	-2.3719E00
356.32	-2.8836E00
356.70	-3.2544E00
357.08	-2.0990E00
357.47	-3.5067E00
357.85	-4.0062E00
358.23	-3.3401E00
358.61	-3.4103E00
358.99	-3.5213E00
359.38	-3.0042E00
359.76	-3.0997E00
360.14	-4.5916E00
360.52	-3.0238E00
360.90	-2.3014E00
361.28	-2.4132E00
361.66	-3.2902E00
362.05	-2.5511E00
362.43	-2.7192E00
362.81	-3.3988E00
363.19	-3.4861E00
363.57	-2.9591E00
363.95	-2.6345E00
364.33	-3.9324E00
364.71	-3.3483E00
365.10	-4.0298E00
365.48	-3.8695E00
365.86	-3.5891E00
366.24	-2.6973E00
366.62	-3.6665E00
367.00	-3.4887E00
367.38	-1.9455E00
367.76	-3.5562E00
368.14	-3.4097E00
368.52	-2.9968E00
368.90	-2.2253E00
369.28	-2.7087E00
369.66	-2.3491E00
370.04	-3.6123E00
370.42	-2.9978E00
370.81	-3.4963E00
371.19	-3.3376E00
371.57	-3.3038E00
371.95	-2.7743E00
372.33	-3.1746E00
372.71	-3.5816E00
373.09	-4.3465E00
373.47	-1.6542E00
373.85	-3.0196E00
374.23	-3.2472E00
374.61	-3.1122E00
374.99	-3.0654E00
375.37	-2.1639E00
375.75	-3.0342E00
376.13	-2.6375E00
376.51	-2.5482E00
376.88	-2.2173E00
377.26	-2.9933E00
377.64	-2.6925E00
378.02	-2.8869E00
378.40	-2.3333E00
378.78	-3.6567E00
379.16	-2.6344E00
379.54	-1.7699E00
379.92	-3.4238E00
380.30	-2.1200E00
380.68	-2.4312E00
381.06	-2.6700E00
381.44	-3.0127E00
381.82	-2.3445E00
382.20	-2.0405E00
382.57	-2.0433E00
382.95	-2.1613E00
383.33	-1.5528E00
383.71	-2.4702E00
384.09	-3.4416E00
384.47	-2.7506E00
384.85	-2.1648E00
385.23	-3.2576E00
385.60	-2.0510E00
385.98	-1.9478E00
386.36	-2.3974E00
386.74	-1.8469E00
387.12	-2.0214E00
387.50	-1.5950E00
387.88	-2.8708E00
388.25	-1.8899E00
388.63	-2.2625E00
389.01	-1.0758E00
389.39	-2.4158E00
389.77	-2.0054E00
390.14	-2.7105E00
390.52	-1.9359E00
390.90	-2.1749E00
391.28	-1.8921E00
391.66	-2.6452E00
392.03	-2.5273E00
392.41	-2.1453E00
392.79	-1.6568E00
393.17	-1.9678E00
393.54	-2.0839E00
393.92	-2.5158E00
394.30	-1.9101E00
394.68	-1.6808E00
395.06	-2.1998E00
395.43	-2.9501E00
395.81	-1.5147E00
396.19	-1.7529E00
396.56	-1.5322E00
396.94	-1.7349E00
397.32	-1.9552E00
397.70	-1.7181E00
398.07	-1.2589E00
398.45	-1.7887E00
398.83	-1.7986E00
399.20	-1.7567E00
399.58	-2.0910E00
399.96	-1.8231E00
400.34	-2.1736E00
400.71	-1.8238E00
401.09	-2.4148E00
401.47	-1.8021E00
401.84	-2.3278E00
402.22	-1.7633E00
402.60	-2.1331E00
402.97	-2.0211E00
403.35	-1.5282E00
403.73	-1.2922E00
404.10	-2.0107E00
404.48	-2.0972E00
404.85	-1.9111E00
405.23	-1.2845E00
405.61	-1.9720E00
405.98	-1.8980E00
406.36	-1.9227E00
406.74	-2.1433E00
407.11	-1.0047E00
407.49	-1.4735E00
407.86	-2.1117E00
408.24	-1.2052E00
408.62	-1.2918E00
408.99	-1.2228E00
409.37	-1.8344E00
409.74	-1.9920E00
410.12	-1.3723E00
410.49	-1.6474E00
410.87	-1.2722E00
411.25	-9.4198E-01
411.62	-1.4074E00
412.00	-1.3125E00
412.37	-1.1586E00
412.75	-1.5712E00
413.12	-1.3058E00
413.50	-1.3388E00
413.87	-1.3148E00
414.25	-1.2332E00
414.62	-7.7967E-01
415.00	-1.4911E00
415.37	-9.8651E-01
415.75	-7.2102E-01
416.12	-1.0811E00
416.50	-1.2625E00
416.87	-6.6731E-02
417.25	-8.2534E-01
417.62	-1.4734E00
418.00	-1.1247E00
418.37	-9.6267E-01
418.75	-9.3138E-01
419.12	-9.1435E-01
419.50	-1.5225E00
419.87	-1.0758E00
420.25	-9.9417E-01
420.62	-6.9467E-01
420.99	-1.1514E00
421.37	-5.5821E-01
421.74	-1.0088E00
422.12	-2.7285E00
422.49	-9.5872E-01
422.87	-5.5802E-01
423.24	-8.4072E-01
423.61	-1.9708E-01
423.99	-2.9434E-01
424.36	-4.0316E-01
424.74	-5.9714E-01
425.11	-2.3118E-01
425.48	-4.7377E-01
425.86	-4.1136E-01
426.23	-9.1725E-01
426.60	-9.0171E-01
426.98	-4.7892E-01
427.35	-5.9613E-01
427.73	-1.1153E00
428.10	-8.2884E-01
428.47	-2.3616E-01
428.85	-5.5307E-01
429.22	-4.3365E-01
429.59	-5.8457E-02
429.97	-6.0615E-01
430.34	-7.4354E-01
430.71	-3.8205E-01
431.09	-4.2690E-01
431.46	9.2064E-02
431.83	-5.3861E-01
432.21	-6.9450E-01
432.58	-2.4872E-01
432.95	-5.9552E-01
433.32	-7.5924E-01
433.70	-4.9900E-01
434.07	-8.7170E-01
434.44	-5.2641E-01
434.82	-2.0738E-01
435.19	-5.2119E-01
435.56	-2.1572E-01
435.93	-4.8330E-01
436.31	-9.8351E-01
436.68	-1.0543E00
437.05	-7.0964E-01
437.42	-1.4870E00
437.80	-3.2568E-01
438.17	-4.2892E-01
438.54	-6.9811E-01
438.91	-4.7754E-01
439.28	-7.0294E-01
439.66	-6.0723E-01
440.03	-5.2235E-01
440.40	-4.0727E-02
440.77	-4.7640E-01
441.14	-8.2797E-01
441.52	-2.1104E-01
441.89	-7.7017E-01
442.26	-4.1782E-01
442.63	-9.7968E-01
443.00	-8.6691E-01
443.38	-3.5322E-01
443.75	-4.1076E-01
444.12	-8.1833E-01
444.49	-1.3594E-01
444.86	-4.7424E-01
445.23	-5.7886E-01
445.60	-3.5580E-01
445.98	-4.3118E-01
446.35	-6.9669E-01
446.72	-5.5169E-01
447.09	-1.4195E-01
447.46	-6.4052E-01
447.83	-5.0591E-01
448.20	-6.4271E-01
448.57	-2.8769E-01
448.94	-5.4428E-01
449.32	-4.0400E-01
449.69	-3.9322E-01
450.06	-4.5596E-01
450.43	-5.7400E-01
450.80	-8.7272E-01
451.17	-5.2631E-01
451.54	-3.6223E-01
451.91	-3.3462E-01
452.28	-6.3336E-01
452.65	-4.9753E-01
453.02	-1.5376E-01
453.39	-6.1465E-01
453.76	-5.1535E-01
454.13	-2.4394E-01
454.50	-4.7869E-01
454.87	-1.0565E00
455.24	-7.2258E-01
455.61	-3.8867E-01
455.98	-2.3489E-01
456.35	-1.0825E00
456.72	-7.0192E-01
457.09	-3.7771E-01
457.46	-7.3604E-01
457.83	-6.4392E-01
458.20	-8.7383E-01
458.57	-7.7210E-01
458.94	-2.0346E-01
459.31	-9.0658E-01
459.68	-5.4325E-01
460.05	-5.9295E-01
460.42	-6.6824E-01
460.79	-2.3322E-01
461.16	-6.6977E-01
461.53	-4.4422E-01
461.90	-6.6395E-01
462.27	-4.0671E-01
462.64	-4.3935E-01
463.01	-5.8871E-01
463.38	-4.6089E-01
463.75	-5.2565E-01
464.12	-5.9823E-01
464.48	-7.5227E-01
464.85	-4.7722E-01
465.22	-4.9956E-01
465.59	-7.9071E-01
465.96	-7.1314E-01
466.33	-6.1229E-01
466.70	-2.8838E-01
467.07	-5.3509E-01
467.44	-4.8450E-01
467.80	-3.4735E-01
468.17	-7.2161E-01
468.54	-6.5534E-01
468.91	-5.5052E-01
469.28	-6.0129E-01
469.65	-1.0185E00
470.02	-4.9431E-01
470.38	-2.3394E-01
470.75	-1.5701E-01
471.12	-2.4419E-01
471.49	-4.9122E-01
471.86	-1.4527E-01
472.22	-2.4486E-01
472.59	-4.2807E-01
472.96	-3.6730E-01
473.33	-6.2913E-02
473.70	-1.3823E-01
474.06	6.8424E-03
474.43	2.7123E-02
474.80	-3.4929E-01
475.17	-9.9590E-02
475.54	-2.1691E-01
475.90	-1.4979E-01
476.27	1.9354E-02
476.64	-2.6221E-01
477.01	-6.9700E-02
477.37	-1.0053E-01
477.74	1.8051E-01
478.11	-1.9094E-01
478.48	-1.7051E-01
478.84	2.2293E-01
479.21	2.3865E-01
479.58	3.9495E-01
479.94	1.2803E-01
480.31	8.0479E-02
480.68	1.5327E-01
481.05	1.5711E-01
481.41	3.5414E-01
481.78	3.3912E-01
482.15	2.1632E-01
482.51	4.2792E-01
482.88	4.1211E-01
483.25	3.2390E-01
483.61	4.6522E-01
483.98	5.8350E-01
484.35	4.4082E-01
484.71	3.9125E-01
485.08	5.4593E-01
485.45	5.7036E-01
485.81	3.9931E-01
486.18	4.1926E-01
486.54	5.8219E-01
486.91	6.9530E-01
487.28	8.4834E-01
487.64	7.9458E-01
488.01	7.0461E-01
488.38	6.6171E-01
488.74	8.7330E-01
489.11	8.9315E-01
489.47	1.0153E00
489.84	8.4854E-01
490.20	1.1851E00
490.57	9.6796E-01
490.94	1.1825E00
491.30	1.2346E00
491.67	9.7840E-01
492.03	1.3289E00
492.40	1.3414E00
492.76	1.3955E00
493.13	1.5121E00
493.50	1.4906E00
493.86	1.6294E00
494.23	1.6037E00
494.59	1.7157E00
494.96	1.8867E00
495.32	1.7356E00
495.69	2.1057E00
496.05	2.1927E00
496.42	2.0155E00
496.78	2.3901E00
497.15	2.4577E00
497.51	2.5056E00
497.88	2.6186E00
498.24	2.7118E00
498.61	2.8780E00
498.97	2.8662E00
499.34	2.8337E00
499.70	3.3789E00
500.06	3.3238E00
500.43	3.2090E00
500.79	3.6514E00
501.16	3.6488E00
501.52	3.9331E00
501.89	4.1158E00
502.25	4.1248E00
502.62	4.1963E00
502.98	4.3383E00
503.34	4.5246E00
503.71	4.5462E00
504.07	5.0177E00
504.44	5.2896E00
504.80	5.4408E00
505.16	5.2287E00
505.53	5.5863E00
505.89	5.6542E00
506.26	6.0712E00
506.62	6.1157E00
506.98	6.5494E00
507.35	6.5816E00
507.71	6.7915E00
508.07	7.0105E00
508.44	7.4318E00
508.80	7.3029E00
509.16	7.8800E00
509.53	7.8702E00
509.89	8.4777E00
510.25	8.4643E00
510.62	8.7397E00
510.98	8.8980E00
511.34	9.3436E00
511.71	9.4970E00
512.07	9.6953E00
512.43	9.9622E00
512.80	1.0014E01
513.16	1.0348E01
513.52	1.0733E01
513.88	1.1023E01
514.25	1.1030E01
514.61	1.1314E01
514.97	1.1862E01
515.33	1.2338E01
515.70	1.2348E01
516.06	1.2482E01
516.42	1.3281E01
516.78	1.3360E01
517.15	1.3242E01
517.51	1.3590E01
517.87	1.3936E01
518.23	1.4514E01
518.60	1.4950E01
518.96	1.5421E01
519.32	1.5104E01
519.68	1.6173E01
520.04	1.6245E01
520.41	1.6728E01
520.77	1.6560E01
521.13	1.7095E01
521.49	1.7702E01
521.85	1.7777E01
522.22	1.8360E01
522.58	1.8841E01
522.94	1.8822E01
523.30	1.9545E01
523.66	1.9690E01
524.02	2.0106E01
524.38	2.0654E01
524.75	2.1059E01
525.11	2.1477E01
525.47	2.1485E01
525.83	2.2093E01
526.19	2.2189E01
526.55	2.2687E01
526.91	2.3240E01
527.27	2.3811E01
527.64	2.3773E01
528.00	2.4842E01
528.36	2.4961E01
528.72	2.5480E01
529.08	2.5580E01
529.44	2.6264E01
529.80	2.6096E01
530.16	2.7085E01
530.52	2.7505E01
530.88	2.7687E01
531.24	2.8646E01
531.60	2.9206E01
531.96	2.9274E01
532.32	2.9844E01
532.68	3.0405E01
533.04	3.0673E01
533.40	3.1209E01
533.77	3.1007E01
534.13	3.2054E01
534.49	3.2591E01
534.85	3.2803E01
535.21	3.3465E01
535.57	3.4074E01
535.93	3.4821E01
536.29	3.4934E01
536.65	3.5818E01
537.00	3.6096E01
537.36	3.6654E01
537.72	3.7354E01
538.08	3.7639E01
538.44	3.8053E01
538.80	3.8119E01
539.16	3.8997E01
539.52	3.9324E01
539.88	4.0567E01
540.24	4.1359E01
540.60	4.1643E01
540.96	4.1787E01
541.32	4.2723E01
541.68	4.3020E01
542.04	4.3871E01
542.40	4.4693E01
542.75	4.5345E01
543.11	4.5405E01
543.47	4.5750E01
543.83	4.6987E01
544.19	4.7186E01
544.55	4.8661E01
544.91	4.8787E01
545.27	4.9646E01
545.63	5.0165E01
545.98	5.1005E01
546.34	5.1059E01
546.70	5.2474E01
547.06	5.3473E01
547.42	5.2977E01
547.78	5.3991E01
548.13	5.4973E01
548.49	5.5868E01
548.85	5.6110E01
549.21	5.7414E01
549.57	5.7611E01
549.93	5.8571E01
550.28	5.9570E01
550.64	5.9745E01
551.00	6.0984E01
551.36	6.0512E01
551.71	6.1956E01
552.07	6.2523E01
552.43	6.4171E01
552.79	6.4269E01
553.15	6.5245E01
553.50	6.6339E01
553.86	6.6939E01
554.22	6.7467E01
554.58	6.8294E01
554.93	6.9415E01
555.29	6.9305E01
555.65	7.0832E01
556.01	7.1831E01
556.36	7.2628E01
556.72	7.2661E01
557.08	7.3404E01
557.43	7.4235E01
557.79	7.6496E01
558.15	7.5933E01
558.50	7.6852E01
558.86	7.7930E01
559.22	7.8306E01
559.58	7.9649E01
559.93	7.9756E01
560.29	7.9820E01
560.65	8.0283E01
561.00	8.1228E01
561.36	8.2512E01
561.71	8.3009E01
562.07	8.3567E01
562.43	8.4647E01
562.78	8.4781E01
563.14	8.6023E01
563.50	8.6340E01
563.85	8.7056E01
564.21	8.6969E01
564.57	8.7942E01
564.92	8.8893E01
565.28	8.9040E01
565.63	8.9835E01
565.99	9.0210E01
566.35	9.0537E01
566.70	9.1179E01
567.06	9.2124E01
567.41	9.2670E01
567.77	9.3043E01
568.12	9.3272E01
568.48	9.4199E01
568.83	9.4248E01
569.19	9.5383E01
569.55	9.5702E01
569.90	9.5920E01
570.26	9.6751E01
570.61	9.7109E01
570.97	9.7392E01
571.32	9.8154E01
571.68	9.8706E01
572.03	9.8684E01
572.39	9.9511E01
572.74	9.9904E01
573.10	1.0031E02
573.45	1.0103E02
573.81	1.0169E02
574.16	1.0216E02
574.52	1.0173E02
574.87	1.0314E02
575.23	1.0288E02
575.58	1.0315E02
575.94	1.0442E02
576.29	1.0493E02
576.64	1.0485E02
577.00	1.0510E02
577.35	1.0583E02
577.71	1.0634E02
578.06	1.0711E02
578.42	1.0717E02
578.77	1.0771E02
579.12	1.0796E02
579.48	1.0871E02
579.83	1.0913E02
580.19	1.0914E02
580.54	1.0929E02
580.89	1.1038E02
581.25	1.1084E02
581.60	1.1090E02
581.96	1.1147E02
582.31	1.1126E02
582.66	1.1183E02
583.02	1.1241E02
583.37	1.1230E02
583.72	1.1300E02
584.08	1.1323E02
584.43	1.1388E02
584.78	1.1375E02
585.14	1.1468E02
585.49	1.1455E02
585.84	1.1520E02
586.20	1.1526E02
586.55	1.1546E02
586.90	1.1598E02
587.26	1.1662E02
587.61	1.1658E02
587.96	1.1716E02
588.32	1.1698E02
588.67	1.1807E02
589.02	1.1820E02
589.37	1.1817E02
589.73	1.1891E02
590.08	1.1883E02
590.43	1.1975E02
590.78	1.1996E02
591.14	1.2021E02
591.49	1.2005E02
591.84	1.2040E02
592.19	1.2091E02
592.55	1.2153E02
592.90	1.2148E02
593.25	1.2194E02
593.60	1.2194E02
593.96	1.2209E02
594.31	1.2254E02
594.66	1.2289E02
595.01	1.2275E02
595.36	1.2286E02
595.72	1.2336E02
596.07	1.2337E02
596.42	1.2326E02
596.77	1.2370E02
597.12	1.2446E02
597.47	1.2428E02
597.83	1.2443E02
598.18	1.2459E02
598.53	1.2447E02
598.88	1.2488E02
599.23	1.2495E02
599.58	1.2538E02
599.93	1.2554E02
600.29	1.2602E02
600.64	1.2556E02
600.99	1.2560E02
601.34	1.2572E02
601.69	1.2569E02
602.04	1.2596E02
602.39	1.2617E02
602.74	1.2651E02
603.09	1.2617E02
603.44	1.2689E02
603.80	1.2634E02
604.15	1.2708E02
604.50	1.2651E02
604.85	1.2719E02
605.20	1.2688E02
605.55	1.2779E02
605.90	1.2696E02
606.25	1.2719E02
606.60	1.2736E02
606.95	1.2746E02
607.30	1.2789E02
607.65	1.2781E02
608.00	1.2790E02
608.35	1.2806E02
608.70	1.2805E02
609.05	1.2780E02
609.40	1.2796E02
609.75	1.2822E02
610.10	1.2863E02
610.45	1.2850E02
610.80	1.2831E02
611.15	1.2852E02
611.50	1.2911E02
611.85	1.2854E02
612.20	1.2873E02
612.55	1.2903E02
612.90	1.2889E02
613.25	1.2891E02
613.60	1.2959E02
613.95	1.2930E02
614.30	1.2960E02
614.64	1.2941E02
614.99	1.2976E02
615.34	1.2963E02
615.69	1.2959E02
616.04	1.3007E02
616.39	1.3031E02
616.74	1.2989E02
617.09	1.2969E02
617.44	1.3028E02
617.79	1.3020E02
618.13	1.3015E02
618.48	1.3023E02
618.83	1.2986E02
619.18	1.3062E02
619.53	1.3034E02
619.88	1.3003E02
620.23	1.3022E02
620.57	1.3007E02
620.92	1.3060E02
621.27	1.3068E02
621.62	1.3059E02
621.97	1.3053E02
622.32	1.3041E02
622.66	1.3081E02
623.01	1.3001E02
623.36	1.3050E02
623.71	1.3091E02
624.06	1.3007E02
624.40	1.3091E02
624.75	1.3009E02
625.10	1.3054E02
625.45	1.3027E02
625.80	1.3033E02
626.14	1.3044E02
626.49	1.3011E02
626.84	1.3001E02
627.19	1.3005E02
627.53	1.2985E02
627.88	1.2919E02
628.23	1.2973E02
628.57	1.3041E02
628.92	1.2962E02
629.27	1.2955E02
629.62	1.2978E02
629.96	1.2889E02
630.31	1.2892E02
630.66	1.2821E02
631.00	1.2796E02
631.35	1.2809E02
631.70	1.2908E02
632.05	1.2745E02
632.39	1.2792E02
632.74	1.2776E02
633.09	1.2680E02
633.43	1.2725E02
633.78	1.2751E02
634.12	1.2630E02
634.47	1.2643E02
634.82	1.2516E02
635.16	1.2440E02
635.51	1.2593E02
635.86	1.2480E02
636.20	1.2381E02
636.55	1.2419E02
636.90	1.2457E02
637.24	1.2321E02
637.59	1.2337E02
637.93	1.2302E02
638.28	1.2208E02
638.63	1.2051E02
638.97	1.2100E02
639.32	1.1938E02
639.66	1.2023E02
640.01	1.1980E02
640.35	1.1882E02
640.70	1.1883E02
641.04	1.1880E02
641.39	1.1679E02
641.74	1.1762E02
642.08	1.1546E02
642.43	1.1570E02
642.77	1.1524E02
643.12	1.1537E02
643.46	1.1475E02
643.81	1.1363E02
644.15	1.1110E02
644.50	1.1269E02
644.84	1.1189E02
645.19	1.0865E02
645.53	1.0896E02
645.88	1.0862E02
646.22	1.0953E02
646.57	1.0822E02
646.91	1.0621E02
647.26	1.0789E02
647.60	1.0683E02
647.94	1.0638E02
648.29	1.0519E02
648.63	1.0456E02
648.98	1.0505E02
649.32	1.0322E02
649.67	1.0241E02
650.01	1.0200E02
650.36	1.0155E02
650.70	1.0139E02
651.04	9.9985E01
651.39	9.9307E01
651.73	9.8486E01
652.08	9.8348E01
652.42	9.6981E01
652.76	9.6772E01
653.11	9.6889E01
653.45	9.4872E01
653.79	9.5350E01
654.14	9.4307E01
654.48	9.3994E01
654.83	9.1919E01
655.17	9.1974E01
655.51	9.1185E01
655.86	9.1034E01
656.20	8.9957E01
656.54	8.9254E01
656.89	8.8986E01
657.23	8.8164E01
657.57	8.8028E01
657.91	8.6939E01
658.26	8.7864E01
658.60	8.5761E01
658.94	8.6245E01
659.29	8.4920E01
659.63	8.3736E01
659.97	8.3403E01
660.32	8.3757E01
660.66	8.1786E01
661.00	8.1119E01
661.34	8.1999E01
661.69	7.9980E01
662.03	8.0424E01
662.37	7.9685E01
662.71	7.9633E01
663.06	7.8399E01
663.40	7.7871E01
663.74	7.7168E01
664.08	7.6132E01
664.42	7.7529E01
664.77	7.5767E01
665.11	7.4744E01
665.45	7.4580E01
665.79	7.3355E01
666.13	7.2326E01
666.48	7.2520E01
666.82	7.1878E01
667.16	7.0898E01
667.50	7.0538E01
667.84	7.0149E01
668.18	6.8399E01
668.53	6.8658E01
668.87	6.8673E01
669.21	6.7689E01
669.55	6.6173E01
669.89	6.6785E01
670.23	6.7276E01
670.57	6.5695E01
670.92	6.4377E01
671.26	6.4049E01
671.60	6.4005E01
671.94	6.3491E01
672.28	6.3655E01
672.62	6.3436E01
672.96	6.2385E01
673.30	6.1860E01
673.64	6.0996E01
673.98	6.0511E01
674.33	6.0876E01
674.67	5.9963E01
675.01	5.9304E01
675.35	5.9621E01
675.69	5.8533E01
676.03	5.7082E01
676.37	5.6351E01
676.71	5.6831E01
677.05	5.6705E01
677.39	5.6366E01
677.73	5.4818E01
678.07	5.5699E01
678.41	5.5457E01
678.75	5.4261E01
679.09	5.3413E01
679.43	5.4369E01
679.77	5.3020E01
680.11	5.3519E01
680.45	5.2256E01
680.79	5.2510E01
681.13	5.0572E01
681.47	5.0910E01
681.81	5.0015E01
682.15	5.0169E01
682.49	4.9627E01
682.83	4.9642E01
683.17	4.7889E01
683.51	4.8131E01
683.84	4.9221E01
684.18	4.6804E01
684.52	4.7506E01
684.86	4.5824E01
685.20	4.6044E01
685.54	4.4975E01
685.88	4.5259E01
686.22	4.4171E01
686.56	4.5271E01
686.90	4.4097E01
687.24	4.4512E01
687.57	4.4416E01
687.91	4.3539E01
688.25	4.2746E01
688.59	4.1569E01
688.93	4.1588E01
689.27	4.1492E01
689.61	4.0888E01
689.94	4.0715E01
690.28	4.0373E01
690.62	4.0699E01
690.96	3.9957E01
691.30	3.9677E01
691.64	3.9564E01
691.97	3.8768E01
692.31	3.8788E01
692.65	3.8067E01
692.99	3.7593E01
693.33	3.8120E01
693.66	3.6596E01
694.00	3.6158E01
694.34	3.7093E01
694.68	3.6126E01
695.01	3.5456E01
695.35	3.5909E01
695.69	3.6472E01
696.03	3.4354E01
696.36	3.4308E01
696.70	3.4753E01
697.04	3.3365E01
697.38	3.3679E01
697.71	3.3352E01
698.05	3.3326E01
698.39	3.3358E01
698.72	3.1971E01
699.06	3.2854E01
699.40	3.1451E01
699.74	3.2169E01
700.07	3.1933E01
700.41	3.0981E01
700.75	3.0642E01
701.08	3.0770E01
701.42	3.0089E01
701.76	3.0198E01
702.09	2.9780E01
702.43	3.0018E01
702.77	2.9816E01
703.10	2.9299E01
703.44	2.7949E01
703.77	2.8456E01
704.11	2.8196E01
704.45	2.7628E01
704.78	2.7458E01
705.12	2.7333E01
705.46	2.7182E01
705.79	2.6428E01
706.13	2.6917E01
706.46	2.6010E01
706.80	2.6235E01
707.14	2.6530E01
707.47	2.5188E01
707.81	2.5666E01
708.14	2.5806E01
708.48	2.4781E01
708.81	2.4738E01
709.15	2.3606E01
709.48	2.4570E01
709.82	2.4703E01
710.16	2.4204E01
710.49	2.3362E01
710.83	2.3689E01
711.16	2.2876E01
711.50	2.3221E01
711.83	2.2544E01
712.17	2.2678E01
712.50	2.3105E01
712.84	2.1964E01
713.17	2.1047E01
713.51	2.1863E01
713.84	2.1195E01
714.18	2.1480E01
714.51	2.0969E01
714.85	2.1189E01
715.18	2.0134E01
715.51	2.0515E01
715.85	2.0190E01
716.18	2.0569E01
716.52	2.0385E01
716.85	1.9256E01
717.19	1.8634E01
717.52	1.8840E01
717.86	1.9002E01
718.19	1.8669E01
718.52	1.8460E01
718.86	1.8693E01
719.19	1.8169E01
719.53	1.7794E01
719.86	1.8446E01
720.19	1.8032E01
720.53	1.7538E01
720.86	1.8045E01
721.19	1.7661E01
721.53	1.6900E01
721.86	1.6733E01
722.20	1.7296E01
722.53	1.6887E01
722.86	1.6942E01
723.20	1.6343E01
723.53	1.6673E01
723.86	1.5806E01
724.20	1.6080E01
724.53	1.5602E01
724.86	1.6175E01
725.19	1.6359E01
725.53	1.5789E01
725.86	1.5510E01
726.19	1.4693E01
726.53	1.3954E01
726.86	1.4231E01
727.19	1.4524E01
727.53	1.4844E01
727.86	1.4249E01
728.19	1.5030E01
728.52	1.3662E01
728.86	1.3734E01
729.19	1.4376E01
729.52	1.3649E01
729.85	1.3232E01
730.19	1.3929E01
730.52	1.3524E01
730.85	1.2458E01
731.18	1.2944E01
731.51	1.3309E01
731.85	1.2906E01
732.18	1.2995E01
732.51	1.3126E01
732.84	1.2204E01
733.17	1.1969E01
733.51	1.1923E01
733.84	1.1812E01
734.17	1.2236E01
734.50	1.1965E01
734.83	1.2212E01
735.16	1.1716E01
735.50	1.1569E01
735.83	1.1727E01
736.16	1.0675E01
736.49	1.1587E01
736.82	1.0789E01
737.15	1.0350E01
737.48	1.1011E01
737.81	1.1271E01
738.15	1.0454E01
738.48	1.0404E01
738.81	1.0562E01
739.14	1.0031E01
739.47	1.0555E01
739.80	1.0198E01
740.13	9.7681E00
740.46	1.0312E01
740.79	1.0046E01
741.12	9.6362E00
741.45	9.5029E00
741.78	9.4318E00
742.11	9.2412E00
742.44	9.0505E00
742.78	9.5675E00
743.11	8.6183E00
743.44	9.1716E00
743.77	8.7408E00
744.10	8.3290E00
744.43	8.6118E00
744.76	9.0457E00
745.09	8.6660E00
745.42	8.4824E00
745.75	8.3664E00
746.08	8.6694E00
746.41	7.7846E00
746.74	7.4141E00
747.07	8.0422E00
747.40	8.0112E00
747.72	7.2700E00
748.05	7.4351E00
748.38	7.7120E00
748.71	6.8292E00
749.04	7.9341E00
749.37	6.7123E00
749.70	7.4061E00
750.03	7.5153E00
750.36	7.0183E00
750.69	7.1253E00
751.02	7.3663E00
751.35	7.2587E00
751.68	6.3887E00
752.00	6.7606E00
752.33	6.7072E00
752.66	6.5506E00
752.99	6.2164E00
753.32	5.6132E00
753.65	6.0333E00
753.98	5.9621E00
754.31	5.5919E00
754.63	5.9719E00
754.96	5.7338E00
755.29	6.1604E00
755.62	6.0280E00
755.95	5.9858E00
756.28	5.7289E00
756.60	5.5932E00
756.93	5.7788E00
757.26	5.6578E00
757.59	6.0015E00
757.92	5.1650E00
758.24	5.2731E00
758.57	4.6520E00
758.90	5.2307E00
759.23	4.4141E00
759.56	5.2796E00
759.88	4.3967E00
760.21	4.9026E00
760.54	4.5668E00
760.87	5.4285E00
761.19	3.5239E00
761.52	3.7932E00
761.85	4.1122E00
762.18	4.4641E00
762.50	4.8023E00
762.83	4.8670E00
763.16	4.7020E00
763.49	3.8321E00
763.81	4.0904E00
764.14	4.2701E00
764.47	3.9692E00
764.79	3.7162E00
765.12	4.0443E00
765.45	4.7738E00
765.77	3.8513E00
766.10	3.6446E00
766.43	3.6567E00
766.75	3.1617E00
767.08	3.9361E00
767.41	4.1866E00
767.73	3.0733E00
768.06	4.1268E00
768.39	3.5412E00
768.71	3.0697E00
769.04	3.4601E00
769.36	3.3142E00
769.69	2.8392E00
770.02	3.0588E00
770.34	2.6997E00
770.67	3.4127E00
770.99	3.3555E00
771.32	3.2420E00
771.65	2.7386E00
771.97	3.3180E00
772.30	1.9873E00
772.62	2.3722E00
772.95	2.7602E00
773.27	3.0401E00
773.60	2.1614E00
773.93	1.7142E00
774.25	1.9576E00
774.58	2.4048E00
774.90	2.3224E00
775.23	2.2382E00
775.55	2.6369E00
775.88	1.4728E00
776.20	2.2463E00
776.53	1.7486E00
776.85	2.0215E00
777.18	2.3524E00
777.50	2.2858E-01
777.83	1.6838E00
778.15	1.9418E00
778.48	1.3515E00
778.80	2.2699E00
779.13	1.4809E00
779.45	1.1158E00
779.78	1.7884E00
780.10	2.0115E00
780.42	1.4052E00
780.75	1.8074E00
781.07	1.7738E00
781.40	2.3185E00
781.72	1.0421E00
782.05	2.4308E00
782.37	2.2550E00
782.69	5.4446E-01
783.02	1.6954E00
783.34	2.0005E00
783.67	1.5984E00
783.99	1.3765E00
784.31	1.8220E00
784.64	1.1949E00
784.96	1.8029E00
785.28	1.4784E00
785.61	9.5132E-01
785.93	3.6396E-01
786.25	1.4548E00
786.58	4.6444E-01
786.90	1.3313E00
787.22	3.6267E-01
787.55	1.0863E00
787.87	2.4108E-01
788.19	7.6189E-01
788.52	6.0029E-01
788.84	1.2385E00
789.16	6.3816E-01
789.49	6.3700E-01
789.81	9.7345E-01
790.13	7.9332E-02
790.46	1.3662E00
790.78	1.1463E00
791.10	4.9350E-01
791.42	1.5171E00
791.75	8.4642E-01
792.07	2.7537E-01
792.39	7.6628E-01
792.71	1.0401E00
793.04	2.7451E-01
793.36	4.7038E-01
793.68	-1.0572E00
794.00	4.6966E-01
794.32	1.3302E00
794.65	3.1289E-01
794.97	-3.5215E-01
795.29	7.4316E-01
795.61	3.9116E-01
795.93	3.3240E-01
796.26	5.2817E-01
796.58	9.5940E-01
796.90	8.8176E-01
797.22	1.1772E-01
797.54	1.2569E00
797.87	8.4548E-01
798.19	4.5283E-01
798.51	-3.9409E-01
798.83	-1.7767E-01
799.15	1.9769E-02
799.47	-1.9805E-01
799.79	2.1829E-01
800.12	-5.3650E-01
800.44	-2.3891E-01
800.76	1.9947E-02
801.08	1.7989E-01
801.40	-3.4057E-01
801.72	-8.0316E-01
802.04	4.0268E-02
802.36	2.8266E-01
802.68	-5.2647E-01
803.00	-2.8419E-01
803.32	8.1412E-02
803.65	-8.1664E-02
803.97	-1.6377E-01
804.29	-1.4371E-01
804.61	-9.8846E-01
804.93	-8.4664E-01
805.25	4.5565E-01
805.57	1.2466E-01
805.89	-6.6657E-01
806.21	-2.2978E-01
806.53	-1.8878E-01
806.85	-6.3158E-01
807.17	-3.1686E-01
807.49	-5.3012E-01
807.81	-3.8313E-01
808.13	-3.4166E-01
808.45	-5.1446E-01
808.77	-5.1664E-01
809.09	-1.5123E00
809.41	-8.0251E-01
809.73	-2.6137E-01
810.05	-3.2779E-01
810.37	2.1936E-02
810.69	-3.5234E-01
811.01	-1.3264E-01
811.33	-1.3310E00
811.64	-9.3578E-01
811.96	-2.4820E00
812.28	-1.0997E00
812.60	-1.2392E00
812.92	-1.3120E00
813.24	-1.3623E00
813.56	-6.8385E-01
813.88	-1.4188E00
814.20	-9.8790E-01
814.52	-6.4553E-01
814.83	-8.3363E-01
815.15	-2.3248E00
815.47	-3.5016E-01
815.79	-1.5926E00
816.11	-7.7619E-01
816.43	-1.1335E00
816.75	-1.1379E00
817.06	-1.3571E00
817.38	-1.0995E00
817.70	-1.7035E00
818.02	-1.3496E00
818.34	-1.1130E00
818.66	-1.8709E00
818.97	-1.9278E00
819.29	-2.0839E00
819.61	-1.5996E00
819.93	-2.2976E00
820.25	-6.6971E-01
820.56	-1.0209E00
820.88	-2.1242E00
821.20	-5.7752E-01
821.52	-1.5377E00
821.84	-8.6050E-01
822.15	-1.8803E00
822.47	-1.0456E00
822.79	-1.7669E00
823.11	-1.4909E00
823.42	-2.2977E00
823.74	-2.7465E00
824.06	-2.4709E00
824.37	-2.2461E00
824.69	-2.6474E00
825.01	-2.0781E00
825.33	-2.5881E00
825.64	-2.0410E00
825.96	-2.1818E00
826.28	-1.8683E00
826.59	-2.9472E00
826.91	-2.2042E00
827.23	-1.8620E00
827.54	-2.3556E00
827.86	-2.2828E00
828.18	-2.3452E00
828.49	-1.9979E00
828.81	-2.3337E00
829.13	-2.1756E00
829.44	-2.8195E00
829.76	-1.8594E00
830.08	-2.8133E00
830.39	-1.5377E00
830.71	-1.6268E00
831.02	-3.3514E00
831.34	-1.8936E00
831.66	-2.0421E00
831.97	-2.3068E00
832.29	-2.6023E00
832.60	-1.2921E00
832.92	-1.5566E00
833.23	-1.7647E00
833.55	-3.0489E00
833.87	-2.0695E00
834.18	-3.1024E00
834.50	-1.7911E00
834.81	-1.7685E00
835.13	-1.5974E00
835.44	-2.4035E00
835.76	-2.1732E00
836.07	-3.3752E00
836.39	-2.2174E00
836.70	-2.0143E00
837.02	-2.8346E00
837.33	-2.4820E00
837.65	-2.9161E00
837.96	-1.6465E00
838.28	-3.5496E00
838.59	-2.3034E00
838.91	-3.5134E00
839.22	-3.3073E00
839.54	-2.4488E00
839.85	-1.9582E00
840.17	-2.4308E00
840.48	-1.4681E00
840.80	-3.0970E00
841.11	-3.8249E00
841.43	-4.3019E00
841.74	-2.8924E00
842.05	-3.4638E00
842.37	-1.3572E00
842.68	-3.4187E00
843.00	-2.7320E00
843.31	-2.6786E00
843.62	-1.6966E00
843.94	-2.9596E00
844.25	-3.7809E00
844.57	-1.1683E00
844.88	-3.4584E00
845.19	-2.1646E00
845.51	-4.2526E00
845.82	-1.9200E00
846.13	-3.5895E00
846.45	-4.4048E00
846.76	-3.9855E00
847.07	-3.5975E00
847.39	-1.8222E00
847.70	-2.9470E00
848.01	-3.5048E00
848.33	-4.0301E00
848.64	-2.5025E00
848.95	-1.7544E00
849.27	-2.6594E00
849.58	-4.8896E00
849.89	-1.8106E00
850.21	-4.5096E00
850.52	-4.3515E00
850.83	-3.0640E00
851.14	-3.4287E00
851.46	-3.8297E00
851.77	-3.7019E00
852.08	-3.8585E00
852.39	-3.9111E00
852.71	-3.3853E00
853.02	-3.9755E00
853.33	-3.1527E00
853.64	-3.9993E00
853.96	-4.3784E00
854.27	-2.8938E00
854.58	-4.2289E00
854.89	-4.5016E00
855.20	-4.3326E00
855.52	-3.6782E00
855.83	-3.5404E00
856.14	-4.1147E00
856.45	-3.9803E00
856.76	-4.1094E00
857.07	-2.6118E00
857.39	-3.1535E00
857.70	-2.9726E00
858.01	-3.0590E00
858.32	-3.4931E00
858.63	-3.1591E00
858.94	-5.2200E00
859.25	-3.6114E00
859.57	-4.0547E00
859.88	-3.6016E00
860.19	-4.3217E00
860.50	-4.6160E00
860.81	-4.4758E00
861.12	-4.6532E00
861.43	-3.2348E00
861.74	-5.6529E00
862.05	-4.0250E00
862.36	-3.9611E00
862.67	-3.6527E00
862.99	-3.0539E00
863.30	-4.1690E00
863.61	-3.0385E00
863.92	-3.0503E00
864.23	-5.7945E00
864.54	-5.0733E00
864.85	-4.1340E00
865.16	-5.2833E00
865.47	-4.8000E00
865.78	-6.4694E00
866.09	-4.8820E00
866.40	-4.6916E00
866.71	-5.4812E00
867.02	-3.1832E00
867.33	-4.4500E00
867.64	-2.7760E00
867.95	-2.0038E00
868.26	-2.1884E00
868.57	-4.4419E00
868.88	-4.9937E00
869.19	-5.4623E00
869.50	-4.7280E00
869.81	-5.0649E00
870.12	-5.0919E00
870.42	-3.4861E00
870.73	-4.2766E00
871.04	-5.3987E00
871.35	-5.4713E00
871.66	-5.3585E00
871.97	-6.6408E00
872.28	-5.2260E00
872.59	-6.0524E00
872.90	-8.2126E00
873.21	-3.6069E00
873.52	-6.6783E00
873.82	-5.6594E00
874.13	-3.6666E00
874.44	-3.4916E00
874.75	-4.8754E00
875.06	-5.2961E00
875.37	-6.1112E00
875.68	-3.7179E00
875.98	-5.8311E00
876.29	-4.4057E00
876.60	-5.8876E00
876.91	-5.5654E00
877.22	-7.6297E00
877.52	-6.4401E00
877.83	-6.6788E00
878.14	-5.9941E00
878.45	-5.7162E00
878.76	-7.1068E00
879.06	-5.5689E00
879.37	-8.1317E00
879.68	-6.0547E00
879.99	-6.9422E00
880.30	-4.7233E00
880.60	-7.0685E00
880.91	-7.3194E00
881.22	-6.9237E00
881.53	-5.0940E00
881.83	-5.0616E00
882.14	-8.1815E00
882.45	-6.7760E00
882.75	-7.1955E00
883.06	-6.9466E00
883.37	-6.5787E00
883.68	-6.2695E00
883.98	-4.9897E00
884.29	-6.5472E00
884.60	-5.8835E00
884.90	-9.3985E00
885.21	-7.9331E00
885.52	-6.5143E00
885.82	-5.4304E00
886.13	-6.4355E00
886.44	-5.9258E00
886.74	-6.0562E00
887.05	-7.6453E00
887.36	-6.0216E00
887.66	-7.2040E00
887.97	-5.9863E00
888.27	-6.5872E00
888.58	-7.8369E00
888.89	-7.0830E00
889.19	-6.6270E00
889.50	-6.2773E00
889.80	-6.9995E00
890.11	-6.4772E00
890.42	-7.4965E00
890.72	-7.5698E00
891.03	-8.1192E00
891.33	-6.2182E00
891.64	-7.3633E00
891.94	-6.8336E00
892.25	-6.6034E00
892.56	-5.3453E00
892.86	-6.4358E00
893.17	-7.1686E00
893.47	-7.5992E00
893.78	-5.4334E00
894.08	-5.6771E00
894.39	-9.5508E00
894.69	-6.2294E00
895.00	-7.2034E00
895.30	-6.9049E00
895.61	-8.7282E00
895.91	-7.8274E00
896.22	-7.6470E00
896.52	-7.5899E00
896.83	-5.5284E00
897.13	-7.5968E00
897.43	-5.3517E00
897.74	-7.7291E00
898.04	-3.7754E00
898.35	-6.2742E00
898.65	-6.1554E00
898.96	-5.8515E00
899.26	-9.4530E00
899.57	-6.8367E00
899.87	-9.0390E00
900.17	-8.2482E00
900.48	-5.5023E00
900.78	-6.9727E00
901.09	-8.3223E00
901.39	-7.9638E00
901.69	-7.2943E00
902.00	-8.3416E00
902.30	-8.2309E00
902.60	-8.6099E00
902.91	-8.5015E00
903.21	-6.7261E00
903.51	-1.1067E01
903.82	-7.1885E00
904.12	-6.4628E00
904.42	-7.0419E00
904.73	-5.4356E00
905.03	-7.7058E00
905.33	-8.5458E00
905.64	-6.5510E00
905.94	-5.8723E00
906.24	-7.7202E00
906.55	-6.4110E00
906.85	-6.3647E00
907.15	-7.6565E00
907.45	-7.4199E00
907.76	-9.8711E00
908.06	-6.8100E00
908.36	-9.4078E00
908.66	-9.1180E00
908.97	-8.3000E00
909.27	-7.5456E00
909.57	-8.0238E00
909.87	-5.4261E00
910.18	-6.4302E00
910.48	-1.0535E01
910.78	-8.3947E00
911.08	-9.5535E00
911.39	-6.1284E00
911.69	-8.3562E00
911.99	-9.1943E00
912.29	-1.0386E01
912.59	-9.1472E00
912.89	-8.5784E00
913.20	-6.9827E00
913.50	-7.9122E00
913.80	-7.1928E00
914.10	-1.0430E01
914.40	-6.8496E00
914.70	-8.0114E00
915.01	-8.0587E00
915.31	-9.8796E00
915.61	-1.0861E01
915.91	-8.8399E00
916.21	-9.3296E00
916.51	-8.5844E00
916.81	-8.3420E00
917.11	-1.1483E01
917.41	-7.0314E00
917.72	-1.1773E01
918.02	-8.3173E00
918.32	-1.0998E01
918.62	-1.0151E01
918.92	-1.0057E01
919.22	-7.0489E00
919.52	-1.1557E01
919.82	-1.2784E01
920.12	-8.8072E00
920.42	-8.5501E00
920.72	-6.6326E00
921.02	-8.5006E00
921.32	-1.0402E01
921.62	-9.9140E00
921.92	-1.1606E01
922.22	-1.0467E01
922.52	-1.1448E01
922.82	-9.6234E00
923.12	-1.0949E01
923.42	-9.2535E00
923.72	-6.3526E00
924.02	-1.2445E01
924.32	-1.1330E01
924.62	-7.6948E00
924.92	-1.3239E01
925.22	-1.0356E01
925.52	-1.1408E01
925.82	-1.0698E01
926.12	-9.5245E00
926.42	-1.2682E01
926.72	-1.1515E01
927.02	-1.3176E01
927.31	-1.1525E01
927.61	-1.2185E01
927.91	-1.3691E01
928.21	-1.1417E01
928.51	-1.4943E01
928.81	-8.5863E00
929.11	-1.3121E01
929.41	-1.0673E01
929.71	-1.3420E01
930.00	-1.3836E01
930.30	-1.1136E01
930.60	-1.3249E01
930.90	-1.1731E01
931.20	-1.7094E01
931.50	-1.4666E01
931.79	-1.4401E01
932.09	-1.5092E01
932.39	-1.2463E01
932.69	-1.1731E01
932.99	-1.7895E01
933.29	-1.4540E01
933.58	-1.6849E01
933.88	-1.3646E01
934.18	-1.3581E01
934.48	-1.7124E01
934.77	-1.6021E01
935.07	-1.5628E01
935.37	-1.7399E01
935.67	-1.6781E01
935.97	-1.6156E01
936.26	-1.7281E01
936.56	-1.5104E01
936.86	-1.6507E01
937.15	-1.8876E01
937.45	-1.3551E01
937.75	-1.3916E01
938.05	-1.7086E01
938.34	-1.6559E01
938.64	-1.3835E01
938.94	-1.9224E01
939.23	-1.4652E01
939.53	-1.7806E01
939.83	-1.5508E01
940.12	-2.2747E01
940.42	-3.2038E01
940.72	-2.1469E01
941.01	-1.8352E01
941.31	-2.1912E01
941.61	-2.6218E01
941.90	-1.6123E01
942.20	-2.1543E01
942.50	-2.4932E01
942.79	-1.6128E01
943.09	-2.0237E01
943.38	-2.3499E01
943.68	-2.1483E01
943.98	-2.5772E01
944.27	-2.6638E01
944.57	-2.2380E01
944.86	-2.7338E01
945.16	-3.0551E01
945.46	-2.3710E01
945.75	-2.4453E01
946.05	-2.7043E01
946.34	-3.0659E01
946.64	-2.3820E01
946.93	-2.3912E01
947.23	-2.9988E01
947.52	-2.9036E01
947.82	-2.2677E01
948.12	-2.2752E01
948.41	-2.1371E01
948.71	-2.3947E01
949.00	-2.3606E01
949.30	-2.7267E01
949.59	-3.5558E01
949.89	-2.3523E01
950.18	-2.6124E01
950.48	-2.1261E01
950.77	-2.8094E01
951.06	-2.6847E01
951.36	-2.7273E01
951.65	-2.7672E01
951.95	-2.0439E01
952.24	-2.8528E01
952.54	-3.4490E01
952.83	-2.7046E01
953.13	-2.5994E01
953.42	-2.5366E01
953.71	-2.9241E01
954.01	-2.2871E01
954.30	-2.0324E01
954.60	-2.6360E01
954.89	-2.5781E01
955.18	-3.5091E01
955.48	-2.2649E01
955.77	-2.5513E01
956.07	-2.9267E01
956.36	-2.7614E01
956.65	-2.7044E01
956.95	-2.7336E01
957.24	-1.6443E01
957.53	-2.9000E01
957.83	-2.4245E01
958.12	-2.9589E01
958.41	-2.5905E01
958.71	-2.3300E01
959.00	-1.7793E01
959.29	-1.9391E01
959.59	-2.6595E01
959.88	-3.8768E01
960.17	-2.6729E01
960.46	-3.0857E01
960.76	-2.2594E01
961.05	-2.8069E01
961.34	-2.4550E01
961.64	-2.9424E01
961.93	-3.0443E01
962.22	-3.1679E01
962.51	-2.5122E01
962.81	-2.3823E01
963.10	-2.2520E01
963.39	-2.8917E01
963.68	-2.5266E01
963.97	-3.4266E01
964.27	-3.6538E01
964.56	-3.0052E01
964.85	-3.7065E01
965.14	-2.8136E01
965.43	-2.5397E01
965.73	-3.4680E01
966.02	-3.3137E01
966.31	-2.8672E01
966.60	-2.9778E01
966.89	-2.6271E01
967.19	-3.7018E01
967.48	-3.7458E01
967.77	-2.9423E01
968.06	-3.4839E01
968.35	-3.2536E01
968.64	-2.6862E01
968.93	-3.7165E01
969.22	-3.5580E01
969.52	-3.7558E01
969.81	-2.3038E01
970.10	-2.9423E01
970.39	-3.5391E01
970.68	-3.1660E01
970.97	-2.9707E01
971.26	-3.6822E01
971.55	-3.4890E01
971.84	-3.1330E01
972.13	-3.3730E01
972.42	-3.0939E01
972.71	-4.3836E01
973.01	-3.5759E01
973.30	-3.6243E01
973.59	-2.4128E01
973.88	-2.0344E01
974.17	-2.4181E01
974.46	-3.3214E01
974.75	-3.4065E01
975.04	-5.6671E01
975.33	-4.2692E01
975.62	-4.4391E01
975.91	-4.7892E01
976.20	-4.3143E01
976.49	-4.4602E01
976.78	-3.9404E01
977.07	-3.2648E01
977.36	-5.2349E01
977.64	-3.6183E01
977.93	-3.2971E01
978.22	-3.2860E01
978.51	-3.6521E01
978.80	-4.1851E01
979.09	-4.3765E01
979.38	-4.1877E01
979.67	-5.2201E01
979.96	-5.1063E01
980.25	-3.4740E01
980.54	-3.3332E01
980.83	-3.7880E01
981.12	-3.7180E01
981.40	-4.5995E01
981.69	-2.5559E01
981.98	-4.3625E01
982.27	-4.7789E01
982.56	-4.2562E01
982.85	-4.3238E01
983.14	-3.2905E01
983.42	-5.1349E01
983.71	-4.3836E01
984.00	-4.5274E01
984.29	-4.6333E01
984.58	-4.0358E01
984.87	-5.2864E01
985.15	-5.8854E01
985.44	-4.8405E01
985.73	-5.9401E01
986.02	-4.4988E01
986.31	-3.6156E01
986.59	-5.5121E01
986.88	-4.4243E01
987.17	-4.7351E01
987.46	-5.6446E01
987.74	-4.2952E01
988.03	-5.2985E01
988.32	-1.0841E02
988.61	-5.2193E01
988.89	-4.5949E01
989.18	-4.7935E01
989.47	-4.8345E01
989.76	-4.4454E01
990.04	-6.1422E01
990.33	-5.6745E01
990.62	-6.7617E01
990.90	-5.1582E01
991.19	-5.7359E01
991.48	-4.7568E01
991.76	-7.3500E01
992.05	-5.4228E01
992.34	-5.4816E01
992.62	-7.1796E01
992.91	-5.6620E01
993.20	-4.5444E01
993.48	-6.4725E01
993.77	-3.8143E01
994.06	-5.8619E01
994.34	-6.9757E01
994.63	-6.5019E01
994.92	-6.6522E01
995.20	-6.9189E01
995.49	-6.1204E01
995.77	-5.8746E01
996.06	-6.0859E01
996.35	-5.7740E01
996.63	-5.5688E01
996.92	-6.0906E01
997.20	-5.5651E01
997.49	-5.1874E01
997.77	-7.2870E01
998.06	-7.1927E01
998.34	-5.2177E01
998.63	-7.4770E01
998.92	-6.9312E01
999.20	-7.0399E01
999.49	-7.9585E01
999.77	-5.9072E01
1000.06	-8.5230E01
1000.34	-7.4816E01
1000.63	-7.3161E01
1000.91	-5.8403E01
1001.20	-8.9100E01
1001.48	-7.8429E01
1001.77	-7.9868E01
1002.05	-5.8304E01
1002.34	-9.2776E01
1002.62	-8.3476E01
1002.90	-8.0490E01
1003.19	-1.0244E02
1003.47	-8.9800E01
1003.76	-5.5878E01
1004.04	-9.0339E01
1004.33	-1.0251E02
1004.61	-6.3609E01
1004.89	-7.9988E01
1005.18	-7.4569E01
1005.46	-9.5454E01
1005.75	-1.0140E02
1006.03	-1.2015E02
1006.31	-1.0049E02
1006.60	-9.0466E01
1006.88	-1.0674E02
1007.17	-7.3718E01
1007.45	-1.1851E02
1007.73	-8.9620E01
1008.02	-1.0260E02
1008.30	-1.0269E02
1008.58	-7.9806E01
1008.87	-8.9242E01
1009.15	-1.1532E02
1009.43	-1.2043E02
1009.72	-8.7251E01
1010.00	-1.1501E02
1010.28	-1.4207E02
1010.57	-7.6714E01
1010.85	-1.1612E02
1011.13	-1.1735E02
1011.41	-1.0493E02
1011.70	-1.2345E02
1011.98	-8.7805E01
1012.26	-9.4058E01
1012.55	-1.0329E02
1012.83	-8.8867E01
1013.11	-8.1590E01
1013.39	-8.5072E01
1013.68	-1.3280E02
1013.96	-1.3340E02
1014.24	-1.1383E02
1014.52	-1.2747E02
1014.80	-1.0539E02
1015.09	-1.3529E02
1015.37	-1.2096E02
1015.65	-1.4136E02
1015.93	-1.2491E02
1016.21	-1.0887E02
1016.50	-1.1749E02
1016.78	-1.2731E02
1017.06	-1.1371E02
1017.34	-1.3905E02
1017.62	-1.3772E02
1017.90	-1.4727E02
1018.19	-1.2398E02
1018.47	-1.7009E02
1018.75	-1.3739E02
1019.03	-1.1785E02
1019.31	-1.5796E02
1019.59	-1.7300E02
1019.87	-1.1465E02
1020.15	-1.5486E02
1020.44	-2.1804E02
1020.72	-1.7670E02
1021.00	-1.3460E02
1021.28	-1.2865E02
1021.56	-1.6979E02
1021.84	-1.6534E02
1022.12	-1.6711E02
1022.40	-1.6368E02
1022.68	-1.1700E02
1022.96	-1.4782E02
1023.24	-2.2228E02
1023.52	-2.0941E02
1023.80	-2.0953E02
1024.08	-2.0953E02
