339.47	-0.0000E00
339.85	-0.0000E00
340.24	-0.0000E00
340.62	-0.0000E00
341.01	-0.0000E00
341.39	-0.0000E00
341.77	-0.0000E00
342.16	-0.0000E00
342.54	-0.0000E00
342.92	-0.0000E00
343.31	-0.0000E00
343.69	-0.0000E00
344.07	-0.0000E00
344.46	-0.0000E00
344.84	-0.0000E00
345.22	-0.0000E00
345.61	-0.0000E00
345.99	-0.0000E00
346.37	-0.0000E00
346.76	-0.0000E00
347.14	-0.0000E00
347.52	-0.0000E00
347.91	-0.0000E00
348.29	-0.0000E00
348.67	-5.9264E00
349.05	-5.4325E00
349.44	-4.9181E00
349.82	-4.9469E00
350.20	-4.1611E00
350.59	-3.4320E00
350.97	-4.7489E00
351.35	-4.3860E00
351.73	-3.0758E00
352.12	-3.0877E00
352.50	-4.1913E00
352.88	-3.4350E00
353.26	-3.0418E00
353.65	-3.2113E00
354.03	-3.0524E00
354.41	-3.9921E00
354.79	-2.6338E00
355.17	-3.4431E00
355.56	-3.2648E00
355.94	-2.9235E00
356.32	-2.9668E00
356.70	-4.0961E00
357.08	-3.1066E00
357.47	-4.0678E00
357.85	-3.7241E00
358.23	-3.7892E00
358.61	-3.8855E00
358.99	-3.7728E00
359.38	-3.0042E00
359.76	-3.2104E00
360.14	-5.1448E00
360.52	-3.6835E00
360.90	-3.0138E00
361.28	-3.3456E00
361.66	-3.0434E00
362.05	-3.6483E00
362.43	-3.1862E00
362.81	-4.7251E00
363.19	-3.4308E00
363.57	-3.6504E00
363.95	-3.3555E00
364.33	-4.6297E00
364.71	-3.8226E00
365.10	-2.8824E00
365.48	-4.1802E00
365.86	-4.1303E00
366.24	-3.6910E00
366.62	-2.9275E00
367.00	-4.2202E00
367.38	-2.7793E00
367.76	-4.0249E00
368.14	-4.0972E00
368.52	-3.2717E00
368.90	-3.8737E00
369.28	-2.9823E00
369.66	-3.4831E00
370.04	-4.7361E00
370.42	-2.6231E00
370.81	-3.3904E00
371.19	-3.9998E00
371.57	-4.2097E00
371.95	-3.9747E00
372.33	-3.4656E00
372.71	-4.4182E00
373.09	-4.5807E00
373.47	-2.5071E00
373.85	-2.9164E00
374.23	-3.1961E00
374.61	-3.7953E00
374.99	-2.7867E00
375.37	-2.8936E00
375.75	-4.3026E00
376.13	-2.9826E00
376.51	-3.1118E00
376.88	-3.1919E00
377.26	-3.0657E00
377.64	-2.9088E00
378.02	-3.1970E00
378.40	-2.0237E00
378.78	-3.4193E00
379.16	-2.9402E00
379.54	-2.7247E00
379.92	-2.9843E00
380.30	-2.4656E00
380.68	-2.3853E00
381.06	-3.8111E00
381.44	-3.6289E00
381.82	-2.6631E00
382.20	-2.5619E00
382.57	-2.0657E00
382.95	-2.6292E00
383.33	-2.1962E00
383.71	-3.1319E00
384.09	-3.0032E00
384.47	-3.2745E00
384.85	-2.8143E00
385.23	-2.6320E00
385.60	-1.8587E00
385.98	-2.3078E00
386.36	-2.7760E00
386.74	-2.3925E00
387.12	-2.5006E00
387.50	-2.6307E00
387.88	-3.2838E00
388.25	-2.2597E00
388.63	-3.1798E00
389.01	-2.5575E00
389.39	-2.5366E00
389.77	-1.9653E00
390.14	-2.8500E00
390.52	-2.1531E00
390.90	-1.7439E00
391.28	-2.4968E00
391.66	-3.4231E00
392.03	-3.3954E00
392.41	-2.7199E00
392.79	-2.4376E00
393.17	-2.4787E00
393.54	-2.8912E00
393.92	-2.9258E00
394.30	-2.4294E00
394.68	-1.8286E00
395.06	-3.2447E00
395.43	-3.0230E00
395.81	-2.1098E00
396.19	-2.3253E00
396.56	-2.1379E00
396.94	-1.7880E00
397.32	-2.6950E00
397.70	-2.6998E00
398.07	-1.7485E00
398.45	-2.3096E00
398.83	-2.3347E00
399.20	-1.6878E00
399.58	-2.7766E00
399.96	-1.8231E00
400.34	-2.4623E00
400.71	-2.0264E00
401.09	-1.9452E00
401.47	-2.2193E00
401.84	-2.4941E00
402.22	-2.0600E00
402.60	-1.9526E00
402.97	-1.8418E00
403.35	-2.0810E00
403.73	-2.1321E00
404.10	-2.5415E00
404.48	-2.5935E00
404.85	-2.1500E00
405.23	-1.6809E00
405.61	-2.3507E00
405.98	-2.0548E00
406.36	-2.2979E00
406.74	-2.5316E00
407.11	-1.3138E00
407.49	-2.0721E00
407.86	-2.5402E00
408.24	-1.5713E00
408.62	-2.4013E00
408.99	-1.9172E00
409.37	-2.4959E00
409.74	-1.5277E00
410.12	-1.9540E00
410.49	-1.9442E00
410.87	-2.2781E00
411.25	-1.4718E00
411.62	-1.4954E00
412.00	-1.4730E00
412.37	-1.5641E00
412.75	-2.2630E00
413.12	-1.7794E00
413.50	-2.1649E00
413.87	-2.0216E00
414.25	-2.0179E00
414.62	-1.6290E00
415.00	-1.6016E00
415.37	-1.3290E00
415.75	-1.6733E00
416.12	-1.5406E00
416.50	-1.8534E00
416.87	-1.2545E00
417.25	-1.2780E00
417.62	-2.2433E00
418.00	-1.4025E00
418.37	-1.9913E00
418.75	-1.7185E00
419.12	-1.5805E00
419.50	-2.0430E00
419.87	-1.8145E00
420.25	-1.4848E00
420.62	-1.6338E00
420.99	-2.2389E00
421.37	-1.8142E00
421.74	-2.0303E00
422.12	-3.8549E00
422.49	-1.2949E00
422.87	-1.4385E00
423.24	-1.9905E00
423.61	-8.7456E-01
423.99	-1.1528E00
424.36	-1.4416E00
424.74	-1.2430E00
425.11	-1.2654E00
425.48	-1.5306E00
425.86	-1.4398E00
426.23	-1.7379E00
426.60	-1.7313E00
426.98	-1.4128E00
427.35	-1.8599E00
427.73	-1.7678E00
428.10	-1.3498E00
428.47	-1.1690E00
428.85	-1.2944E00
429.22	-1.3478E00
429.59	-9.5870E-01
429.97	-1.6203E00
430.34	-1.1618E00
430.71	-9.1461E-01
431.09	-1.3384E00
431.46	-1.2314E00
431.83	-1.4096E00
432.21	-1.2524E00
432.58	-1.0062E00
432.95	-1.0899E00
433.32	-1.2059E00
433.70	-1.3418E00
434.07	-1.5779E00
434.44	-1.1625E00
434.82	-1.1351E00
435.19	-1.0967E00
435.56	-1.0462E00
435.93	-1.4069E00
436.31	-1.6249E00
436.68	-1.5122E00
437.05	-1.4405E00
437.42	-2.0460E00
437.80	-1.2082E00
438.17	-1.2763E00
438.54	-1.4171E00
438.91	-1.0070E00
439.28	-1.4059E00
439.66	-1.1939E00
440.03	-1.1881E00
440.40	-1.2524E00
440.77	-1.6725E00
441.14	-1.1309E00
441.52	-7.9392E-01
441.89	-1.3303E00
442.26	-7.4611E-01
442.63	-1.2073E00
443.00	-1.0836E00
443.38	-1.2755E00
443.75	-1.2616E00
444.12	-1.3152E00
444.49	-1.1361E00
444.86	-1.0259E00
445.23	-1.0323E00
445.60	-1.0001E00
445.98	-1.3031E00
446.35	-1.0021E00
446.72	-1.2746E00
447.09	-8.4223E-01
447.46	-1.0926E00
447.83	-1.1992E00
448.20	-4.8436E-01
448.57	-6.7745E-01
448.94	-1.2454E00
449.32	-8.9983E-01
449.69	-8.5959E-01
450.06	-8.7544E-01
450.43	-1.5398E00
450.80	-1.2909E00
451.17	-1.0254E00
451.54	-8.5123E-01
451.91	-8.1395E-01
452.28	-1.0767E00
452.65	-8.7746E-01
453.02	-7.0548E-01
453.39	-9.9429E-01
453.76	-1.1754E00
454.13	-7.7699E-01
454.50	-1.2374E00
454.87	-9.5714E-01
455.24	-1.2103E00
455.61	-1.0033E00
455.98	-1.0841E00
456.35	-1.2719E00
456.72	-1.1789E00
457.09	-1.0972E00
457.46	-1.1130E00
457.83	-1.0643E00
458.20	-1.3732E00
458.57	-8.0760E-01
458.94	-8.8460E-01
459.31	-1.4523E00
459.68	-7.7107E-01
460.05	-1.2993E00
460.42	-1.0414E00
460.79	-9.4153E-01
461.16	-1.2021E00
461.53	-9.2262E-01
461.90	-1.0470E00
462.27	-5.0839E-01
462.64	-8.8714E-01
463.01	-8.0738E-01
463.38	-8.7989E-01
463.75	-1.0430E00
464.12	-8.3088E-01
464.48	-1.0085E00
464.85	-1.0120E00
465.22	-9.2542E-01
465.59	-1.1738E00
465.96	-1.0697E00
466.33	-9.5066E-01
466.70	-9.9330E-01
467.07	-1.0223E00
467.44	-6.7512E-01
467.80	-8.2890E-01
468.17	-1.2236E00
468.54	-1.0454E00
468.91	-1.1321E00
469.28	-8.3255E-01
469.65	-1.3478E00
470.02	-1.0723E00
470.38	-7.9991E-01
470.75	-5.6075E-01
471.12	-8.5097E-01
471.49	-1.3490E00
471.86	-8.5710E-01
472.22	-8.5703E-01
472.59	-8.4901E-01
472.96	-8.3348E-01
473.33	-6.4311E-01
473.70	-7.1882E-01
474.06	-8.2109E-01
474.43	-8.0012E-01
474.80	-6.5156E-01
475.17	-9.4279E-01
475.54	-4.9955E-01
475.90	-8.5964E-01
476.27	-4.7740E-01
476.64	-6.7151E-01
477.01	-5.9562E-01
477.37	-6.2832E-01
477.74	-6.9093E-01
478.11	-5.2354E-01
478.48	-8.6473E-01
478.84	-5.6033E-01
479.21	-4.9521E-01
479.58	-3.4189E-01
479.94	-5.9361E-01
480.31	-6.4958E-01
480.68	-5.3362E-01
481.05	-6.3965E-01
481.41	-2.4347E-01
481.78	-3.5006E-01
482.15	-3.7315E-01
482.51	-3.2629E-01
482.88	-4.0682E-01
483.25	-4.3361E-01
483.61	-4.8590E-01
483.98	-2.4569E-01
484.35	-3.0908E-01
484.71	-5.0160E-01
485.08	-3.7223E-01
485.45	-4.0318E-01
485.81	-3.3114E-01
486.18	-2.9396E-01
486.54	-4.1517E-01
486.91	-2.7907E-01
487.28	1.4061E-02
487.64	2.3233E-02
488.01	-1.7039E-01
488.38	-7.3017E-02
488.74	-2.0814E-01
489.11	-1.4811E-01
489.47	-5.3435E-02
489.84	-1.3700E-01
490.20	-1.3168E-01
490.57	-1.2208E-01
490.94	-2.1657E-02
491.30	1.9788E-01
491.67	-9.8267E-02
492.03	-7.6424E-02
492.40	1.6451E-01
492.76	4.6097E-02
493.13	7.0817E-02
493.50	6.2107E-02
493.86	2.3453E-01
494.23	1.4728E-01
494.59	2.8867E-01
494.96	1.9393E-01
495.32	2.2097E-01
495.69	2.9168E-01
496.05	2.9395E-01
496.42	1.7388E-01
496.78	3.6952E-01
497.15	3.3657E-01
497.51	4.7150E-01
497.88	5.2372E-01
498.24	3.3994E-01
498.61	4.9634E-01
498.97	4.9881E-01
499.34	5.5068E-01
499.70	7.8562E-01
500.06	7.6439E-01
500.43	8.4207E-01
500.79	8.3622E-01
501.16	7.8108E-01
501.52	8.5060E-01
501.89	9.3883E-01
502.25	1.0303E00
502.62	1.0052E00
502.98	1.1256E00
503.34	1.2715E00
503.71	1.1866E00
504.07	1.4283E00
504.44	1.2928E00
504.80	1.5861E00
505.16	1.5465E00
505.53	1.5998E00
505.89	1.6742E00
506.26	1.7084E00
506.62	1.8274E00
506.98	2.0698E00
507.35	1.7724E00
507.71	1.8658E00
508.07	1.9524E00
508.44	2.0640E00
508.80	1.9934E00
509.16	2.3414E00
509.53	2.4549E00
509.89	2.5193E00
510.25	2.5269E00
510.62	2.7557E00
510.98	2.7297E00
511.34	2.8590E00
511.71	2.9392E00
512.07	3.0175E00
512.43	3.0812E00
512.80	3.1154E00
513.16	3.1896E00
513.52	3.3818E00
513.88	3.3761E00
514.25	3.3763E00
514.61	3.6014E00
514.97	3.4288E00
515.33	3.9404E00
515.70	3.9105E00
516.06	3.8491E00
516.42	3.8813E00
516.78	4.1062E00
517.15	4.1522E00
517.51	4.0737E00
517.87	4.4303E00
518.23	4.5725E00
518.60	4.6492E00
518.96	4.6464E00
519.32	4.8064E00
519.68	5.0097E00
520.04	5.2549E00
520.41	5.2609E00
520.77	5.4694E00
521.13	5.5405E00
521.49	5.5126E00
521.85	5.4505E00
522.22	5.7500E00
522.58	5.9655E00
522.94	6.0460E00
523.30	6.1388E00
523.66	6.2632E00
524.02	6.4850E00
524.38	6.5335E00
524.75	6.6240E00
525.11	6.7730E00
525.47	6.9865E00
525.83	7.1002E00
526.19	7.2530E00
526.55	7.1295E00
526.91	7.2497E00
527.27	7.3822E00
527.64	7.6208E00
528.00	7.8108E00
528.36	7.8853E00
528.72	7.8417E00
529.08	8.0268E00
529.44	8.2601E00
529.80	8.3580E00
530.16	8.6757E00
530.52	8.4153E00
530.88	8.5185E00
531.24	8.9826E00
531.60	9.2378E00
531.96	9.0854E00
532.32	9.2807E00
532.68	9.7211E00
533.04	9.6259E00
533.40	9.9415E00
533.77	1.0078E01
534.13	1.0165E01
534.49	1.0178E01
534.85	1.0256E01
535.21	1.0523E01
535.57	1.0972E01
535.93	1.0706E01
536.29	1.1183E01
536.65	1.1418E01
537.00	1.1364E01
537.36	1.1614E01
537.72	1.1478E01
538.08	1.1961E01
538.44	1.2035E01
538.80	1.2117E01
539.16	1.2204E01
539.52	1.2507E01
539.88	1.2997E01
540.24	1.2936E01
540.60	1.2813E01
540.96	1.3164E01
541.32	1.3429E01
541.68	1.3415E01
542.04	1.3890E01
542.40	1.3846E01
542.75	1.4208E01
543.11	1.4489E01
543.47	1.4789E01
543.83	1.5038E01
544.19	1.5156E01
544.55	1.5275E01
544.91	1.5583E01
545.27	1.5805E01
545.63	1.5957E01
545.98	1.6270E01
546.34	1.6255E01
546.70	1.5975E01
547.06	1.7139E01
547.42	1.6987E01
547.78	1.7094E01
548.13	1.7337E01
548.49	1.7703E01
548.85	1.7737E01
549.21	1.8131E01
549.57	1.8392E01
549.93	1.8836E01
550.28	1.8511E01
550.64	1.8584E01
551.00	1.9640E01
551.36	1.9435E01
551.71	1.9775E01
552.07	1.9871E01
552.43	2.0352E01
552.79	2.0433E01
553.15	2.0400E01
553.50	2.1251E01
553.86	2.1596E01
554.22	2.1647E01
554.58	2.1749E01
554.93	2.2357E01
555.29	2.2533E01
555.65	2.2133E01
556.01	2.2943E01
556.36	2.3414E01
556.72	2.3909E01
557.08	2.3716E01
557.43	2.4154E01
557.79	2.4322E01
558.15	2.4361E01
558.50	2.4949E01
558.86	2.5176E01
559.22	2.5450E01
559.58	2.5988E01
559.93	2.5900E01
560.29	2.6217E01
560.65	2.6652E01
561.00	2.7001E01
561.36	2.7468E01
561.71	2.7226E01
562.07	2.7480E01
562.43	2.8217E01
562.78	2.8321E01
563.14	2.8720E01
563.50	2.8800E01
563.85	2.9565E01
564.21	2.9410E01
564.57	3.0555E01
564.92	3.0173E01
565.28	3.1013E01
565.63	3.1134E01
565.99	3.0990E01
566.35	3.1942E01
566.70	3.1845E01
567.06	3.2119E01
567.41	3.2664E01
567.77	3.2442E01
568.12	3.2398E01
568.48	3.3620E01
568.83	3.3482E01
569.19	3.4042E01
569.55	3.4283E01
569.90	3.4135E01
570.26	3.5057E01
570.61	3.5092E01
570.97	3.6282E01
571.32	3.5967E01
571.68	3.6581E01
572.03	3.6757E01
572.39	3.7132E01
572.74	3.7088E01
573.10	3.7233E01
573.45	3.7358E01
573.81	3.7649E01
574.16	3.8517E01
574.52	3.8077E01
574.87	3.9236E01
575.23	3.8856E01
575.58	3.9568E01
575.94	3.9642E01
576.29	4.0900E01
576.64	4.0299E01
577.00	4.0926E01
577.35	4.1042E01
577.71	4.1810E01
578.06	4.2095E01
578.42	4.2138E01
578.77	4.2738E01
579.12	4.2875E01
579.48	4.2338E01
579.83	4.3424E01
580.19	4.3184E01
580.54	4.3769E01
580.89	4.4260E01
581.25	4.4168E01
581.60	4.4817E01
581.96	4.4924E01
582.31	4.4654E01
582.66	4.5881E01
583.02	4.5545E01
583.37	4.6488E01
583.72	4.6567E01
584.08	4.6422E01
584.43	4.6492E01
584.78	4.6612E01
585.14	4.7462E01
585.49	4.7178E01
585.84	4.8065E01
586.20	4.8690E01
586.55	4.7585E01
586.90	4.8108E01
587.26	4.8516E01
587.61	4.8783E01
587.96	4.8770E01
588.32	4.8479E01
588.67	4.9271E01
589.02	5.0229E01
589.37	4.9382E01
589.73	5.0071E01
590.08	5.0323E01
590.43	5.0164E01
590.78	5.1296E01
591.14	5.1133E01
591.49	5.1189E01
591.84	5.1746E01
592.19	5.1558E01
592.55	5.2096E01
592.90	5.2521E01
593.25	5.2044E01
593.60	5.2285E01
593.96	5.2278E01
594.31	5.2825E01
594.66	5.2671E01
595.01	5.3300E01
595.36	5.3000E01
595.72	5.2589E01
596.07	5.2926E01
596.42	5.3245E01
596.77	5.3216E01
597.12	5.3216E01
597.47	5.3313E01
597.83	5.4194E01
598.18	5.4510E01
598.53	5.4155E01
598.88	5.4326E01
599.23	5.3912E01
599.58	5.4548E01
599.93	5.4372E01
600.29	5.4711E01
600.64	5.4268E01
600.99	5.4456E01
601.34	5.4136E01
601.69	5.3919E01
602.04	5.4475E01
602.39	5.5173E01
602.74	5.4981E01
603.09	5.4541E01
603.44	5.4667E01
603.80	5.3698E01
604.15	5.4676E01
604.50	5.4638E01
604.85	5.4152E01
605.20	5.4314E01
605.55	5.4575E01
605.90	5.4409E01
606.25	5.4342E01
606.60	5.4289E01
606.95	5.3895E01
607.30	5.4242E01
607.65	5.4143E01
608.00	5.4013E01
608.35	5.4570E01
608.70	5.3786E01
609.05	5.3859E01
609.40	5.3901E01
609.75	5.3477E01
610.10	5.3831E01
610.45	5.3630E01
610.80	5.3037E01
611.15	5.3321E01
611.50	5.3898E01
611.85	5.2536E01
612.20	5.3095E01
612.55	5.2730E01
612.90	5.2766E01
613.25	5.2742E01
613.60	5.2619E01
613.95	5.2238E01
614.30	5.2731E01
614.64	5.1981E01
614.99	5.2506E01
615.34	5.1475E01
615.69	5.2080E01
616.04	5.2033E01
616.39	5.2454E01
616.74	5.1435E01
617.09	5.0917E01
617.44	5.0703E01
617.79	5.0978E01
618.13	5.0731E01
618.48	5.0530E01
618.83	5.0233E01
619.18	5.0697E01
619.53	5.0580E01
619.88	4.9897E01
620.23	5.0406E01
620.57	4.9418E01
620.92	5.0515E01
621.27	4.9801E01
621.62	4.9634E01
621.97	4.8890E01
622.32	4.8761E01
622.66	4.8721E01
623.01	4.8506E01
623.36	4.8640E01
623.71	4.8037E01
624.06	4.7723E01
624.40	4.7907E01
624.75	4.7561E01
625.10	4.7269E01
625.45	4.7950E01
625.80	4.7253E01
626.14	4.7267E01
626.49	4.7228E01
626.84	4.6847E01
627.19	4.6141E01
627.53	4.6345E01
627.88	4.6034E01
628.23	4.6070E01
628.57	4.5696E01
628.92	4.5815E01
629.27	4.5631E01
629.62	4.4862E01
629.96	4.4201E01
630.31	4.4493E01
630.66	4.4045E01
631.00	4.4279E01
631.35	4.3480E01
631.70	4.4011E01
632.05	4.2907E01
632.39	4.3754E01
632.74	4.3222E01
633.09	4.3136E01
633.43	4.2279E01
633.78	4.2485E01
634.12	4.1704E01
634.47	4.2369E01
634.82	4.1898E01
635.16	4.1634E01
635.51	4.2175E01
635.86	4.0871E01
636.20	4.0965E01
636.55	4.0351E01
636.90	4.0769E01
637.24	4.0111E01
637.59	3.9859E01
637.93	3.9809E01
638.28	4.0088E01
638.63	3.9619E01
638.97	3.9367E01
639.32	3.8644E01
639.66	3.8981E01
640.01	3.8563E01
640.35	3.8455E01
640.70	3.8302E01
641.04	3.7880E01
641.39	3.7917E01
641.74	3.7118E01
642.08	3.7239E01
642.43	3.6880E01
642.77	3.6851E01
643.12	3.6600E01
643.46	3.6642E01
643.81	3.6127E01
644.15	3.5810E01
644.50	3.5870E01
644.84	3.4980E01
645.19	3.4635E01
645.53	3.4702E01
645.88	3.4446E01
646.22	3.4324E01
646.57	3.4427E01
646.91	3.4214E01
647.26	3.4074E01
647.60	3.4748E01
647.94	3.3717E01
648.29	3.2836E01
648.63	3.3099E01
648.98	3.3455E01
649.32	3.2575E01
649.67	3.2135E01
650.01	3.2003E01
650.36	3.2162E01
650.70	3.1360E01
651.04	3.1831E01
651.39	3.0796E01
651.73	3.0686E01
652.08	3.0321E01
652.42	3.0408E01
652.76	3.0478E01
653.11	3.0456E01
653.45	2.9825E01
653.79	3.0145E01
654.14	2.9238E01
654.48	3.0142E01
654.83	2.8664E01
655.17	2.8051E01
655.51	2.8377E01
655.86	2.8457E01
656.20	2.8387E01
656.54	2.8036E01
656.89	2.7411E01
657.23	2.7436E01
657.57	2.7350E01
657.91	2.7145E01
658.26	2.7120E01
658.60	2.6147E01
658.94	2.6810E01
659.29	2.6206E01
659.63	2.5814E01
659.97	2.5888E01
660.32	2.6263E01
660.66	2.5550E01
661.00	2.4972E01
661.34	2.5093E01
661.69	2.4938E01
662.03	2.5012E01
662.37	2.4981E01
662.71	2.4067E01
663.06	2.3764E01
663.40	2.3653E01
663.74	2.3412E01
664.08	2.3685E01
664.42	2.3682E01
664.77	2.3110E01
665.11	2.2976E01
665.45	2.3013E01
665.79	2.2389E01
666.13	2.2544E01
666.48	2.2293E01
666.82	2.2391E01
667.16	2.1515E01
667.50	2.1370E01
667.84	2.1439E01
668.18	2.1350E01
668.53	2.1657E01
668.87	2.1005E01
669.21	2.0524E01
669.55	2.0383E01
669.89	2.0208E01
670.23	2.0903E01
670.57	2.0106E01
670.92	1.9787E01
671.26	1.9535E01
671.60	1.9802E01
671.94	1.9952E01
672.28	1.9171E01
672.62	1.9032E01
672.96	1.9715E01
673.30	1.9102E01
673.64	1.8680E01
673.98	1.8286E01
674.33	1.8716E01
674.67	1.8453E01
675.01	1.8723E01
675.35	1.8491E01
675.69	1.8347E01
676.03	1.7472E01
676.37	1.7020E01
676.71	1.7275E01
677.05	1.7472E01
677.39	1.6522E01
677.73	1.6769E01
678.07	1.6783E01
678.41	1.6760E01
678.75	1.6130E01
679.09	1.6049E01
679.43	1.6357E01
679.77	1.6252E01
680.11	1.6092E01
680.45	1.5660E01
680.79	1.5608E01
681.13	1.5322E01
681.47	1.4592E01
681.81	1.4947E01
682.15	1.5188E01
682.49	1.5015E01
682.83	1.4388E01
683.17	1.4350E01
683.51	1.4693E01
683.84	1.4529E01
684.18	1.3878E01
684.52	1.4536E01
684.86	1.4088E01
685.20	1.4297E01
685.54	1.3963E01
685.88	1.3684E01
686.22	1.3293E01
686.56	1.3274E01
686.90	1.3352E01
687.24	1.3118E01
687.57	1.2741E01
687.91	1.3009E01
688.25	1.2448E01
688.59	1.2745E01
688.93	1.2151E01
689.27	1.2213E01
689.61	1.1783E01
689.94	1.2130E01
690.28	1.1799E01
690.62	1.1819E01
690.96	1.2087E01
691.30	1.1185E01
691.64	1.1371E01
691.97	1.1500E01
692.31	1.1150E01
692.65	1.1386E01
692.99	1.1045E01
693.33	1.0981E01
693.66	1.1041E01
694.00	1.1223E01
694.34	1.0452E01
694.68	1.0149E01
695.01	1.0779E01
695.35	1.0535E01
695.69	9.8680E00
696.03	1.0158E01
696.36	1.0204E01
696.70	1.0315E01
697.04	9.8209E00
697.38	9.6066E00
697.71	1.0008E01
698.05	9.7350E00
698.39	1.0496E01
698.72	9.0059E00
699.06	9.6126E00
699.40	8.8203E00
699.74	8.7261E00
700.07	9.1035E00
700.41	8.8830E00
700.75	8.8707E00
701.08	8.9637E00
701.42	8.2979E00
701.76	8.8454E00
702.09	8.4118E00
702.43	8.5836E00
702.77	8.2910E00
703.10	8.5983E00
703.44	8.3699E00
703.77	8.3660E00
704.11	8.1445E00
704.45	7.6453E00
704.78	7.5678E00
705.12	7.7298E00
705.46	7.3707E00
705.79	7.5179E00
706.13	7.8080E00
706.46	7.1246E00
706.80	6.9839E00
707.14	7.4747E00
707.47	7.2629E00
707.81	7.0679E00
708.14	7.2090E00
708.48	6.9244E00
708.81	6.6983E00
709.15	6.9935E00
709.48	6.5616E00
709.82	6.8590E00
710.16	6.8888E00
710.49	6.0168E00
710.83	6.5752E00
711.16	6.3556E00
711.50	6.2264E00
711.83	6.4547E00
712.17	6.4403E00
712.50	6.2485E00
712.84	5.8429E00
713.17	5.9755E00
713.51	5.4845E00
713.84	6.0040E00
714.18	6.0100E00
714.51	5.3415E00
714.85	5.5074E00
715.18	5.1471E00
715.51	5.3811E00
715.85	5.5618E00
716.18	5.2733E00
716.52	5.2387E00
716.85	5.2897E00
717.19	4.4902E00
717.52	5.2578E00
717.86	4.6781E00
718.19	4.5501E00
718.52	5.2056E00
718.86	5.4260E00
719.19	5.0270E00
719.53	4.3552E00
719.86	5.1566E00
720.19	4.7190E00
720.53	3.9355E00
720.86	4.5572E00
721.19	4.1128E00
721.53	4.5775E00
721.86	3.9657E00
722.20	4.3735E00
722.53	4.2714E00
722.86	4.3438E00
723.20	4.0623E00
723.53	3.7887E00
723.86	3.5977E00
724.20	3.6653E00
724.53	4.3035E00
724.86	3.8743E00
725.19	4.0004E00
725.53	3.5563E00
725.86	3.1569E00
726.19	4.0269E00
726.53	3.6867E00
726.86	4.0936E00
727.19	4.1412E00
727.53	3.4963E00
727.86	2.7285E00
728.19	3.7179E00
728.52	2.8128E00
728.86	3.3939E00
729.19	3.4626E00
729.52	3.2865E00
729.85	3.1576E00
730.19	3.2514E00
730.52	3.2329E00
730.85	3.5224E00
731.18	2.3535E00
731.51	3.2154E00
731.85	2.8874E00
732.18	3.2301E00
732.51	2.9003E00
732.84	2.6188E00
733.17	2.7129E00
733.51	2.7447E00
733.84	2.1328E00
734.17	2.5307E00
734.50	2.5122E00
734.83	2.8113E00
735.16	2.1036E00
735.50	2.0581E00
735.83	1.9610E00
736.16	1.6058E00
736.49	2.4204E00
736.82	2.2584E00
737.15	2.1995E00
737.48	1.6730E00
737.81	2.2880E00
738.15	2.7505E00
738.48	1.4377E00
738.81	1.7822E00
739.14	1.8512E00
739.47	2.3690E00
739.80	1.7283E00
740.13	1.6280E00
740.46	1.9111E00
740.79	1.9427E00
741.12	1.4681E00
741.45	1.8604E00
741.78	1.8917E00
742.11	1.4124E00
742.44	2.1041E00
742.78	1.3397E00
743.11	1.7508E00
743.44	1.5241E00
743.77	1.3773E00
744.10	1.4634E00
744.43	1.8238E00
744.76	1.4710E00
745.09	1.2537E00
745.42	7.7364E-01
745.75	1.7592E00
746.08	1.3615E00
746.41	8.2163E-01
746.74	1.2427E00
747.07	1.7794E00
747.40	1.0682E00
747.72	1.9725E00
748.05	1.3004E00
748.38	1.3184E00
748.71	8.3942E-01
749.04	1.5126E00
749.37	1.0161E00
749.70	1.8802E00
750.03	8.7822E-01
750.36	3.6102E-01
750.69	6.3722E-01
751.02	9.4440E-01
751.35	1.1806E00
751.68	6.1402E-01
752.00	4.5461E-01
752.33	3.5301E-01
752.66	2.6556E-01
752.99	1.0213E00
753.32	5.9399E-01
753.65	2.8304E-01
753.98	2.6897E-01
754.31	7.4959E-02
754.63	1.0530E-01
754.96	-4.3758E-01
755.29	-4.6922E-01
755.62	3.3405E-01
755.95	1.5231E-01
756.28	4.7359E-01
756.60	3.3712E-01
756.93	5.5329E-01
757.26	-4.6249E-01
757.59	4.3310E-01
757.92	3.7225E-01
758.24	1.8666E-01
758.57	2.0294E-01
758.90	-1.5661E-02
759.23	-2.0421E-01
759.56	2.6792E-01
759.88	-5.6935E-01
760.21	6.3464E-02
760.54	1.7504E-01
760.87	2.3949E-01
761.19	-2.5629E-01
761.52	-4.3397E-01
761.85	3.2252E-01
762.18	0.0000E00
762.50	-1.7847E-01
762.83	-2.7672E-01
763.16	1.3061E-01
763.49	-9.0072E-01
763.81	2.1355E-01
764.14	2.8028E-01
764.47	9.9231E-02
764.79	-8.4610E-01
765.12	2.1636E-01
765.45	-1.0015E-01
765.77	-1.5070E-01
766.10	-8.0617E-01
766.43	-2.5277E-01
766.75	-4.0578E-01
767.08	2.2056E-01
767.41	-2.0422E-01
767.73	-8.3661E-01
768.06	-5.4796E-01
768.39	-5.3290E-01
768.71	-5.0013E-01
769.04	1.2110E-01
769.36	-1.1279E00
769.69	-1.0277E00
770.02	-7.3411E-01
770.34	-6.8370E-01
770.67	-3.8700E-01
770.99	-6.1811E-01
771.32	-9.5666E-01
771.65	-4.8014E-01
771.97	-5.8868E-01
772.30	-1.8620E00
772.62	-7.7277E-01
772.95	-6.1338E-01
773.27	-7.2382E-01
773.60	-1.3622E00
773.93	-1.3495E00
774.25	-3.4761E-01
774.58	-9.3621E-01
774.90	-1.3271E00
775.23	-1.8497E-01
775.55	-1.5970E00
775.88	-9.8807E-01
776.20	-1.4975E00
776.53	-6.2047E-01
776.85	-1.3792E00
777.18	-6.2604E-01
777.50	-1.5429E00
777.83	-1.6264E00
778.15	-9.0360E-01
778.48	-1.2356E00
778.80	-1.2805E00
779.13	-1.5783E00
779.45	-1.5073E00
779.78	-1.1988E00
780.10	-3.7470E-01
780.42	-2.3552E00
780.75	-2.0656E00
781.07	-2.2322E00
781.40	-1.2592E00
781.72	-1.4229E00
782.05	-7.4330E-01
782.37	-1.0671E00
782.69	-1.6737E00
783.02	-1.5945E00
783.34	-8.8913E-01
783.67	-1.9424E00
783.99	-2.1053E00
784.31	-1.1944E00
784.64	-1.1949E00
784.96	-1.6205E00
785.28	-1.7416E00
785.61	-9.5132E-01
785.93	-2.4264E00
786.25	-1.0911E00
786.58	-2.7866E00
786.90	-1.1296E00
787.22	-2.2768E00
787.55	-1.5892E00
787.87	-2.2501E00
788.19	-1.4235E00
788.52	-2.2011E00
788.84	-1.5381E00
789.16	-2.1538E00
789.49	-2.1300E00
789.81	-1.8078E00
790.13	-2.2411E00
790.46	-2.2770E00
790.78	-1.1463E00
791.10	-2.0924E00
791.42	-1.9309E00
791.75	-1.6535E00
792.07	-1.9473E00
792.39	-2.1023E00
792.71	-1.8643E00
793.04	-2.2353E00
793.36	-2.0187E00
793.68	-3.3281E00
794.00	-2.3092E00
794.32	-7.0425E-01
794.65	-1.9947E00
794.97	-2.1324E00
795.29	-1.9752E00
795.61	-1.7016E00
795.93	-1.3687E00
796.26	-1.8975E00
796.58	-1.7426E00
796.90	-1.2933E00
797.22	-1.9816E00
797.54	-1.0605E00
797.87	-1.4157E00
798.19	-2.0673E00
798.51	-1.8128E00
798.83	-2.4677E00
799.15	-2.3723E00
799.47	-1.8221E00
799.79	-2.0242E00
800.12	-2.6229E00
800.44	-1.8316E00
800.76	-1.9149E00
801.08	-1.9388E00
801.40	-1.7429E00
801.72	-2.4296E00
802.04	-2.2953E00
802.36	-2.1199E00
802.68	-2.3691E00
803.00	-2.6186E00
803.32	-2.4220E00
803.65	-2.0212E00
803.97	-1.6991E00
804.29	-1.8888E00
804.61	-2.6771E00
804.93	-2.3747E00
805.25	-1.7605E00
805.57	-1.7868E00
805.89	-2.0622E00
806.21	-1.8174E00
806.53	-2.5170E00
806.85	-2.4632E00
807.17	-1.4787E00
807.49	-1.9296E00
807.81	-1.5112E00
808.13	-2.2422E00
808.45	-1.9292E00
808.77	-1.9159E00
809.09	-2.7654E00
809.41	-2.1256E00
809.73	-2.3524E00
810.05	-1.7045E00
810.37	-2.6543E00
810.69	-2.5104E00
811.01	-1.7686E00
811.33	-2.8174E00
811.64	-2.6068E00
811.96	-3.1304E00
812.28	-1.9750E00
812.60	-2.2081E00
812.92	-2.5788E00
813.24	-2.5657E00
813.56	-2.7354E00
813.88	-2.9291E00
814.20	-3.2854E00
814.52	-2.0749E00
814.83	-2.7556E00
815.15	-3.7197E00
815.47	-1.7508E00
815.79	-2.7637E00
816.11	-1.9287E00
816.43	-2.3614E00
816.75	-1.7306E00
817.06	-1.7619E00
817.38	-3.2268E00
817.70	-3.2390E00
818.02	-3.1088E00
818.34	-2.6614E00
818.66	-2.9643E00
818.97	-2.4159E00
819.29	-2.5007E00
819.61	-3.1008E00
819.93	-3.3846E00
820.25	-2.2820E00
820.56	-2.9133E00
820.88	-3.2738E00
821.20	-2.9629E00
821.52	-2.9746E00
821.84	-2.6068E00
822.15	-3.0492E00
822.47	-3.4429E00
822.79	-3.5083E00
823.11	-3.5215E00
823.42	-3.3562E00
823.74	-2.4615E00
824.06	-3.8234E00
824.37	-2.9774E00
824.69	-3.6959E00
825.01	-3.8406E00
825.33	-3.0898E00
825.64	-3.9760E00
825.96	-3.6984E00
826.28	-3.8434E00
826.59	-4.3941E00
826.91	-4.0590E00
827.23	-2.8334E00
827.54	-4.5216E00
827.86	-4.0220E00
828.18	-3.5996E00
828.49	-3.7495E00
828.81	-4.0359E00
829.13	-3.6627E00
829.44	-3.8975E00
829.76	-3.3580E00
830.08	-2.8411E00
830.39	-3.4667E00
830.71	-2.9732E00
831.02	-4.4216E00
831.34	-3.1089E00
831.66	-3.4885E00
831.97	-3.6453E00
832.29	-4.0607E00
832.60	-3.6467E00
832.92	-4.0356E00
833.23	-3.0954E00
833.55	-4.3846E00
833.87	-4.2848E00
834.18	-4.1268E00
834.50	-3.8170E00
834.81	-2.9180E00
835.13	-3.4315E00
835.44	-3.2937E00
835.76	-4.0488E00
836.07	-4.0025E00
836.39	-4.4049E00
836.70	-4.5698E00
837.02	-3.8901E00
837.33	-3.1782E00
837.65	-4.1008E00
837.96	-3.7504E00
838.28	-4.2228E00
838.59	-3.7776E00
838.91	-4.6537E00
839.22	-4.6673E00
839.54	-4.1847E00
839.85	-3.5434E00
840.17	-2.6490E00
840.48	-3.7484E00
840.80	-3.9104E00
841.11	-4.9536E00
841.43	-4.5531E00
841.74	-4.3386E00
842.05	-4.9752E00
842.37	-3.5981E00
842.68	-3.4820E00
843.00	-2.9544E00
843.31	-4.2730E00
843.62	-3.8094E00
843.94	-4.3429E00
844.25	-4.3626E00
844.57	-3.3427E00
844.88	-4.6655E00
845.19	-2.7221E00
845.51	-6.0327E00
845.82	-3.6082E00
846.13	-4.6198E00
846.45	-4.5383E00
846.76	-4.5214E00
847.07	-5.4803E00
847.39	-3.6106E00
847.70	-4.1665E00
848.01	-4.5596E00
848.33	-5.0206E00
848.64	-3.0853E00
848.95	-3.7841E00
849.27	-4.2826E00
849.58	-4.8549E00
849.89	-3.8650E00
850.21	-4.9990E00
850.52	-5.5446E00
850.83	-5.1419E00
851.14	-5.1961E00
851.46	-3.9007E00
851.77	-4.8766E00
852.08	-5.1447E00
852.39	-4.6646E00
852.71	-5.2941E00
853.02	-3.7948E00
853.33	-5.2183E00
853.64	-4.5446E00
853.96	-4.2325E00
854.27	-3.5532E00
854.58	-4.0818E00
854.89	-5.2027E00
855.20	-4.7400E00
855.52	-4.6071E00
855.83	-4.2485E00
856.14	-5.3118E00
856.45	-4.0929E00
856.76	-4.8257E00
857.07	-4.6179E00
857.39	-5.4332E00
857.70	-4.3446E00
858.01	-5.9651E00
858.32	-5.8346E00
858.63	-3.4673E00
858.94	-6.8440E00
859.25	-6.7956E00
859.57	-5.5363E00
859.88	-4.4238E00
860.19	-4.1252E00
860.50	-6.4703E00
860.81	-5.9017E00
861.12	-5.4089E00
861.43	-4.5527E00
861.74	-6.6552E00
862.05	-4.0250E00
862.36	-4.6079E00
862.67	-4.9920E00
862.99	-5.9856E00
863.30	-6.2944E00
863.61	-4.4756E00
863.92	-5.7708E00
864.23	-6.1256E00
864.54	-5.6555E00
864.85	-6.8900E00
865.16	-5.9541E00
865.47	-6.1473E00
865.78	-7.2728E00
866.09	-4.7122E00
866.40	-5.3314E00
866.71	-5.4812E00
867.02	-5.2050E00
867.33	-6.4374E00
867.64	-5.0749E00
867.95	-2.9621E00
868.26	-3.5015E00
868.57	-5.8052E00
868.88	-6.9823E00
869.19	-6.1284E00
869.50	-6.0661E00
869.81	-5.7821E00
870.12	-5.0919E00
870.42	-5.7498E00
870.73	-5.9145E00
871.04	-5.9020E00
871.35	-5.6092E00
871.66	-4.7580E00
871.97	-6.5014E00
872.28	-5.4593E00
872.59	-4.9263E00
872.90	-8.2598E00
873.21	-4.4137E00
873.52	-7.3461E00
873.82	-5.2757E00
874.13	-6.4165E00
874.44	-5.6739E00
874.75	-7.5569E00
875.06	-6.4239E00
875.37	-8.0825E00
875.68	-4.9076E00
875.98	-6.5288E00
876.29	-5.9578E00
876.60	-6.5921E00
876.91	-4.7559E00
877.22	-6.5615E00
877.52	-8.2801E00
877.83	-8.4255E00
878.14	-6.4592E00
878.45	-8.1066E00
878.76	-8.0474E00
879.06	-5.7265E00
879.37	-7.6037E00
879.68	-8.2323E00
879.99	-7.7966E00
880.30	-6.1724E00
880.60	-9.8744E00
880.91	-7.1026E00
881.22	-7.9595E00
881.53	-7.0111E00
881.83	-5.3367E00
882.14	-1.0337E01
882.45	-7.2759E00
882.75	-6.3030E00
883.06	-8.7393E00
883.37	-5.3979E00
883.68	-5.5353E00
883.98	-6.6340E00
884.29	-7.6289E00
884.60	-7.6543E00
884.90	-7.5646E00
885.21	-9.4278E00
885.52	-7.1484E00
885.82	-5.4881E00
886.13	-6.2616E00
886.44	-7.7848E00
886.74	-7.1044E00
887.05	-9.0460E00
887.36	-6.6647E00
887.66	-8.9025E00
887.97	-7.9231E00
888.27	-7.0577E00
888.58	-9.1333E00
888.89	-7.6142E00
889.19	-8.2838E00
889.50	-6.3365E00
889.80	-6.5249E00
890.11	-6.1206E00
890.42	-9.1029E00
890.72	-9.4771E00
891.03	-8.9550E00
891.33	-9.6262E00
891.64	-8.5007E00
891.94	-6.6538E00
892.25	-8.1642E00
892.56	-8.5886E00
892.86	-6.8568E00
893.17	-8.1325E00
893.47	-8.5642E00
893.78	-8.2708E00
894.08	-7.3682E00
894.39	-1.0095E01
894.69	-7.6204E00
895.00	-8.0509E00
895.30	-9.0854E00
895.61	-9.3950E00
895.91	-9.5870E00
896.22	-8.6787E00
896.52	-9.1079E00
896.83	-7.2902E00
897.13	-9.6024E00
897.43	-8.5141E00
897.74	-6.9988E00
898.04	-6.8809E00
898.35	-9.5027E00
898.65	-9.5074E00
898.96	-7.8020E00
899.26	-1.0002E01
899.57	-7.6912E00
899.87	-9.6497E00
900.17	-7.5761E00
900.48	-6.9085E00
900.78	-7.2785E00
901.09	-9.1790E00
901.39	-8.4539E00
901.69	-8.0298E00
902.00	-9.1390E00
902.30	-1.0258E01
902.60	-8.8559E00
902.91	-8.8712E00
903.21	-7.1580E00
903.51	-9.5834E00
903.82	-6.6927E00
904.12	-6.7735E00
904.42	-9.4100E00
904.73	-6.6852E00
905.03	-9.1467E00
905.33	-8.7972E00
905.64	-8.5037E00
905.94	-9.7240E00
906.24	-9.8718E00
906.55	-8.9499E00
906.85	-6.8739E00
907.15	-7.1461E00
907.45	-9.0830E00
907.76	-1.1089E01
908.06	-7.8379E00
908.36	-7.0236E00
908.66	-7.4367E00
908.97	-9.5320E00
909.27	-9.5621E00
909.57	-9.1980E00
909.87	-7.5181E00
910.18	-1.0695E01
910.48	-1.0469E01
910.78	-7.9320E00
911.08	-9.6862E00
911.39	-1.0525E01
911.69	-1.0696E01
911.99	-9.5970E00
912.29	-1.1397E01
912.59	-9.6215E00
912.89	-9.5997E00
913.20	-6.6404E00
913.50	-1.0389E01
913.80	-1.0443E01
914.10	-8.6914E00
914.40	-1.1253E01
914.70	-1.0471E01
915.01	-1.0533E01
915.31	-9.7374E00
915.61	-1.0218E01
915.91	-1.1140E01
916.21	-1.1427E01
916.51	-1.0694E01
916.81	-1.0025E01
917.11	-1.2808E01
917.41	-9.9180E00
917.72	-1.0581E01
918.02	-1.2139E01
918.32	-1.1073E01
918.62	-9.4695E00
918.92	-1.0743E01
919.22	-1.0267E01
919.52	-1.1943E01
919.82	-1.4023E01
920.12	-8.4175E00
920.42	-1.0511E01
920.72	-1.3660E01
921.02	-1.1678E01
921.32	-1.2482E01
921.62	-1.0720E01
921.92	-1.0957E01
922.22	-1.4801E01
922.52	-1.0377E01
922.82	-1.0702E01
923.12	-1.3039E01
923.42	-8.5805E00
923.72	-1.0080E01
924.02	-9.7171E00
924.32	-1.3047E01
924.62	-1.0894E01
924.92	-1.2978E01
925.22	-1.3252E01
925.52	-1.0524E01
925.82	-1.3551E01
926.12	-1.0962E01
926.42	-1.4313E01
926.72	-1.0052E01
927.02	-1.0873E01
927.31	-1.3570E01
927.61	-1.3872E01
927.91	-1.3502E01
928.21	-1.2559E01
928.51	-1.6572E01
928.81	-7.7180E00
929.11	-1.4773E01
929.41	-1.5960E01
929.71	-1.4604E01
930.00	-1.4532E01
930.30	-1.5249E01
930.60	-1.1226E01
930.90	-1.2037E01
931.20	-1.9154E01
931.50	-1.5290E01
931.79	-1.6503E01
932.09	-1.3817E01
932.39	-1.6331E01
932.69	-1.4012E01
932.99	-1.3174E01
933.29	-1.3319E01
933.58	-1.6849E01
933.88	-1.2964E01
934.18	-1.6228E01
934.48	-1.7939E01
934.77	-1.3547E01
935.07	-1.8611E01
935.37	-2.1748E01
935.67	-2.1803E01
935.97	-1.7523E01
936.26	-1.3749E01
936.56	-1.9456E01
936.86	-1.4167E01
937.15	-1.9932E01
937.45	-1.4759E01
937.75	-1.5280E01
938.05	-1.9864E01
938.34	-1.8965E01
938.64	-2.2625E01
938.94	-1.6289E01
939.23	-1.9736E01
939.53	-2.1002E01
939.83	-1.4733E01
940.12	-2.1326E01
940.42	-3.2038E01
940.72	-2.3272E01
941.01	-1.8519E01
941.31	-1.9024E01
941.61	-2.3976E01
941.90	-2.1731E01
942.20	-2.3324E01
942.50	-2.6919E01
942.79	-1.9061E01
943.09	-1.7823E01
943.38	-2.6131E01
943.68	-2.8327E01
943.98	-2.5195E01
944.27	-3.1887E01
944.57	-2.3558E01
944.86	-2.1990E01
945.16	-3.3745E01
945.46	-2.2103E01
945.75	-3.2941E01
946.05	-3.2939E01
946.34	-2.7389E01
946.64	-2.9570E01
946.93	-2.2881E01
947.23	-3.4538E01
947.52	-2.8829E01
947.82	-2.6837E01
948.12	-2.8806E01
948.41	-2.9123E01
948.71	-2.9198E01
949.00	-2.6135E01
949.30	-3.0861E01
949.59	-3.5558E01
949.89	-3.4966E01
950.18	-2.6124E01
950.48	-2.9765E01
950.77	-3.5330E01
951.06	-2.8338E01
951.36	-2.4929E01
951.65	-3.1717E01
951.95	-3.1510E01
952.24	-3.5766E01
952.54	-3.6832E01
952.83	-3.3434E01
953.13	-2.9190E01
953.42	-2.9843E01
953.71	-2.7961E01
954.01	-2.8856E01
954.30	-2.2892E01
954.60	-2.3788E01
954.89	-3.3300E01
955.18	-3.2292E01
955.48	-3.3002E01
955.77	-3.3729E01
956.07	-3.2952E01
956.36	-2.7832E01
956.65	-3.1624E01
956.95	-2.6899E01
957.24	-1.5346E01
957.53	-1.8015E01
957.83	-2.7331E01
958.12	-3.5772E01
958.41	-2.9448E01
958.71	-3.1289E01
959.00	-2.5133E01
959.29	-2.4741E01
959.59	-2.8606E01
959.88	-3.8993E01
960.17	-2.8975E01
960.46	-3.1082E01
960.76	-2.5305E01
961.05	-3.1239E01
961.34	-2.4777E01
961.64	-3.3758E01
961.93	-3.5707E01
962.22	-3.2597E01
962.51	-2.3048E01
962.81	-2.8217E01
963.10	-2.5539E01
963.39	-2.8217E01
963.68	-3.1349E01
963.97	-3.6143E01
964.27	-3.7481E01
964.56	-3.3838E01
964.85	-3.7303E01
965.14	-2.7182E01
965.43	-3.4262E01
965.73	-3.1549E01
966.02	-4.1602E01
966.31	-2.9401E01
966.60	-3.4904E01
966.89	-3.3391E01
967.19	-3.9485E01
967.48	-4.0434E01
967.77	-4.1142E01
968.06	-3.5842E01
968.35	-3.7328E01
968.64	-2.1541E01
968.93	-3.4365E01
969.22	-3.3788E01
969.52	-3.9616E01
969.81	-3.5204E01
970.10	-4.0880E01
970.39	-3.7751E01
970.68	-3.7200E01
970.97	-3.5277E01
971.26	-3.5488E01
971.55	-3.6232E01
971.84	-3.9972E01
972.13	-2.9922E01
972.42	-4.0248E01
972.71	-5.1004E01
973.01	-3.6868E01
973.30	-4.0704E01
973.59	-2.6092E01
973.88	-3.1929E01
974.17	-2.3897E01
974.46	-4.3522E01
974.75	-3.9838E01
975.04	-3.8943E01
975.33	-4.9417E01
975.62	-4.7625E01
975.91	-4.3458E01
976.20	-4.4035E01
976.49	-5.6575E01
976.78	-3.8502E01
977.07	-3.8694E01
977.36	-4.8697E01
977.64	-3.7716E01
977.93	-4.1907E01
978.22	-3.4410E01
978.51	-3.9954E01
978.80	-3.9334E01
979.09	-4.9157E01
979.38	-4.6673E01
979.67	-4.7690E01
979.96	-4.3582E01
980.25	-4.4245E01
980.54	-3.9272E01
980.83	-4.9509E01
981.12	-4.2540E01
981.40	-5.1406E01
981.69	-4.3962E01
981.98	-4.9121E01
982.27	-5.1599E01
982.56	-6.1750E01
982.85	-4.2535E01
983.14	-3.9981E01
983.42	-5.1706E01
983.71	-4.0243E01
984.00	-4.2014E01
984.29	-5.6913E01
984.58	-5.3566E01
984.87	-5.6561E01
985.15	-5.4756E01
985.44	-5.0657E01
985.73	-6.0914E01
986.02	-5.1089E01
986.31	-5.6542E01
986.59	-7.4530E01
986.88	-4.2677E01
987.17	-6.4319E01
987.46	-5.1278E01
987.74	-4.2150E01
988.03	-7.4422E01
988.32	-1.1086E02
988.61	-5.7535E01
988.89	-4.9674E01
989.18	-4.6684E01
989.47	-5.8854E01
989.76	-6.4352E01
990.04	-6.1849E01
990.33	-7.0502E01
990.62	-7.1518E01
990.90	-7.2128E01
991.19	-7.1037E01
991.48	-6.3128E01
991.76	-5.0195E01
992.05	-4.9257E01
992.34	-5.4816E01
992.62	-5.1546E01
992.91	-4.9658E01
993.20	-4.9660E01
993.48	-6.6615E01
993.77	-6.0075E01
994.06	-6.6307E01
994.34	-8.3805E01
994.63	-7.5774E01
994.92	-6.5537E01
995.20	-6.5704E01
995.49	-6.7224E01
995.77	-6.3304E01
996.06	-5.4722E01
996.35	-7.8876E01
996.63	-5.8290E01
996.92	-9.1359E01
997.20	-8.4272E01
997.49	-5.7757E01
997.77	-1.0310E02
998.06	-8.7184E01
998.34	-6.0965E01
998.63	-9.5263E01
998.92	-7.9374E01
999.20	-9.8559E01
999.49	-8.5270E01
999.77	-8.2012E01
1000.06	-9.6825E01
1000.34	-5.9619E01
1000.63	-8.7321E01
1000.91	-8.0453E01
1001.20	-9.2712E01
1001.48	-1.0214E02
1001.77	-8.1711E01
1002.05	-7.5671E01
1002.34	-9.7164E01
1002.62	-9.9286E01
1002.90	-1.0540E02
1003.19	-8.6974E01
1003.47	-9.4356E01
1003.76	-7.5600E01
1004.04	-1.1359E02
1004.33	-1.0050E02
1004.61	-7.5113E01
1004.89	-9.3661E01
1005.18	-8.8378E01
1005.46	-1.1218E02
1005.75	-1.1337E02
1006.03	-1.1802E02
1006.31	-1.1628E02
1006.60	-1.0494E02
1006.88	-1.0893E02
1007.17	-7.5192E01
1007.45	-1.1478E02
1007.73	-8.1336E01
1008.02	-1.1248E02
1008.30	-1.1265E02
1008.58	-1.0925E02
1008.87	-1.0177E02
1009.15	-1.4218E02
1009.43	-1.0368E02
1009.72	-9.6138E01
1010.00	-1.0114E02
1010.28	-1.2803E02
1010.57	-9.3391E01
1010.85	-1.4978E02
1011.13	-1.2501E02
1011.41	-1.3159E02
1011.70	-1.1389E02
1011.98	-1.0449E02
1012.26	-1.1358E02
1012.55	-1.3652E02
1012.83	-8.7960E01
1013.11	-9.8091E01
1013.39	-9.7093E01
1013.68	-1.6366E02
1013.96	-1.2489E02
1014.24	-1.2626E02
1014.52	-1.2650E02
1014.80	-1.4832E02
1015.09	-1.6097E02
1015.37	-1.4096E02
1015.65	-1.7064E02
1015.93	-1.4231E02
1016.21	-1.1820E02
1016.50	-1.3637E02
1016.78	-1.4216E02
1017.06	-1.2765E02
1017.34	-1.3362E02
1017.62	-1.7738E02
1017.90	-1.8297E02
1018.19	-1.1384E02
1018.47	-1.3813E02
1018.75	-1.4663E02
1019.03	-1.4469E02
1019.31	-1.6386E02
1019.59	-1.9567E02
1019.87	-1.2793E02
1020.15	-1.6461E02
1020.44	-1.9833E02
1020.72	-1.7296E02
1021.00	-1.5976E02
1021.28	-1.5413E02
1021.56	-1.5179E02
1021.84	-1.8487E02
1022.12	-1.8553E02
1022.40	-1.9562E02
1022.68	-1.1297E02
1022.96	-1.6002E02
1023.24	-2.6508E02
1023.52	-2.1083E02
1023.80	-2.1094E02
1024.08	-2.1094E02
